0.0
-0.006304516472808977
-0.012625648586011349
-0.018941636264891603
-0.02524897537215505
-0.03154231257484818
-0.03781577251813803
-0.04406349315576165
-0.050279716585939
-0.056458817819309996
-0.06259531722316194
-0.0686838867038945
-0.07471935295090397
-0.08069669911142552
-0.0866110655476513
-0.09245775001894592
-0.09823220748384874
-0.10393004963914687
-0.10954704427008156
-0.11507911446028764
-0.12052233769437933
-0.1258729448760722
-0.1311273192781103
-0.13628199543579034
-0.14133365799275824
-0.14627914050554755
-0.1511154242117503
-0.1558396367655322
-0.16044905094336295
-0.1649410833221616
-0.16931329293158973
-0.17356337988183845
-0.17768918396796243
-0.1816886832516125
-0.18555999262082198
-0.18930136232838723
-0.19291117650926715
-0.1963879516773583
-0.19973033520191982
-0.2029371037639039
-0.2060071617923791
-0.20893953988123973
-0.21173339318634202
-0.21438799980322243
-0.21690275912552345
-0.21927719018425143
-0.2215109299679922
-0.2236037317241945
-0.22555546324164322
-0.22736610511422561
-0.22903574898610632
-0.2305645957784051
-0.23195295389747883
-0.2332012374248902
-0.23430996428912432
-0.2352797544191152
-0.23611132787958705
-0.2368055029882041
-0.23736319441445541
-0.23778541126015204
-0.2380732551213219
-0.2382279181311905
-0.23825068098379348
-0.23814291093759526
-0.23790605979825658
-0.23754166187939033
-0.23705133193976713
-0.2364367630948768
-0.2356997247000811
-0.23484206020161139
-0.23386568495035825
-0.23277258397154138
-0.2315648096807266
-0.2302444795328002
-0.2288137735848228
-0.22727493194490744
-0.2256302520654697
-0.22388208581656638
-0.22203283623636635
-0.22008495378619888
-0.21804093180430692
-0.21590330057621882
-0.21367461880729688
-0.21135745962945696
-0.20895438308661227
-0.20596582292064577
-0.2007189232556388
-0.19515863468916655
-0.18929419214274923
-0.18313528117880032
-0.1766920576585146
-0.16997513102971493
-0.16299554686664758
-0.1557647687151829
-0.14829465927326346
-0.14059746093747766
-0.13268577574764748
-0.12457254476227526
-0.11627102689858536
-0.10779477727175382
-0.099157625068695
-0.0903736509925149
-0.0814571643144054
-0.07242267957036959
-0.06328489294071635
-0.05824815527445069
-0.053623117567987544
-0.04897988799999488
-0.044320351422827566
-0.03964639868403155
-0.03495992585923451
-0.03026283348316604
-0.02555702577912084
-0.020844409887175154
-0.01612689509147049
-0.011406392046877196
-0.006684812005351374
-0.0019640660422974364
0.0027539357167493846
0.007467284868808666
0.012174075505195876
0.016872404982006477
0.021560374689032245
0.026236090816798837
0.03089766512141454
0.03554321568692241
0.04017086768484623
0.04477875413062588
0.049365016636653415
0.05392780616276849
0.05846528376477343
0.06297562133381474
0.06745700233128617
0.07190762252000533
0.07632569069033764
0.08070942938085052
0.0850570755931833
0.08936688150084092
0.0936371151516204
0.09786606116339083
0.1020520214129454
0.10619331571764884
0.11028828250960329
0.11433527950206958
0.11833268434786894
0.12227889528950611
0.1261723318007501
0.1300114352194192
0.13379466937111487
0.13752052118365302
0.14118750129195254
0.14479414463313403
0.1483390110315937
0.15182068577381813
0.1552377801727095
0.15858893212120043
0.1618728066349331
0.1650880963837868
0.16823352221204707
0.17130783364700522
0.17430980939578647
0.17723825783020994
0.1800920174594916
0.1828699573905954
0.18557097777605885
0.18819401024910798
0.19073801834589435
0.19320199791468795
0.19558497751185963
0.19788601878450437
0.20010421683954668
0.20223870059918864
0.20428863314256293
0.2062532120334465
0.20813166963392263
0.20992327340385417
0.21162732618605803
0.21324316647707317
0.21477016868341134
0.216207743363191
0.21755533745306882
0.21881243448037427
0.21997855476036765
0.22105325557855288
0.2220361313579626
0.2229268138113682
0.2237249720783472
0.22443031284716286
0.22504258046140632
0.22556155701136998
0.22598706241011615
0.22631895445421063
0.22655712886911356
0.22670151933920032
0.22675209752241626
0.226708873049556
0.22657189350817958
0.22634124441117306
0.2260170491499689
0.22559946893245575
0.22508870270560294
0.22448498706284103
0.2237885961362315
0.2229998414734872
0.22211907189988497
0.22114667336514066
0.22008306877530914
0.2189287178097814
0.21768411672346397
0.21634979813421185
0.214926330795625
0.21341431935528576
0.21181440409855304
0.2101272606780157
0.20835359982872062
0.2064941670692944
0.20454974238908705
0.20252113992146423
0.20040920760338735
0.1982148268214252
0.1959389120443424
0.193582410442415
0.19114630149363995
0.18863159657699213
0.18603933855290697
0.18337060133115268
0.18062648942627998
0.17780813750082922
0.17491670989648112
0.17195340015335184
0.16891943051762257
0.16581605143771255
0.1626445410492011
0.15940620464870767
0.15610237415695555
0.15273440757122664
0.14930368840744562
0.1458116251321102
0.14225965058431303
0.13864922138808075
0.13498181735528225
0.13125894087933898
0.1274821163199953
0.12365288937939796
0.11977282646973496
0.11584351407270234
0.11186655809104985
0.10784358319247943
0.10377623214615941
0.0996661651521271
0.09551505916385453
0.09132460720425235
0.08709651767539169
0.08283251366222893
0.078534332230618
0.07420372371989994
0.06984245103037906
0.06545228890603047
0.061035023213099775
0.05659245021580228
0.05212637584605042
0.04763861496787938
0.04313099063994207
0.03860533337512554
0.034063480397389934
0.029507274896128623
0.02493856527835537
0.02035920441901717
0.015771048909740428
0.011175958306313615
0.0065757943752183185
0.001972420346701441
-0.002632292872547153
-0.007236003989654469
-0.011834630152977275
-0.0164232022201895
-0.020996643971754624
-0.02554991173160321
-0.03007803380805714
-0.034576127361065224
-0.03903940723734984
-0.043463191198776716
-0.047842903279088494
-0.05217407606657181
-0.056452352322136835
-0.06067348616095954
-0.06483334393309098
-0.06892790488750891
-0.0729532616744976
-0.07690562072321988
-0.08078130251993537
-0.0845767418048534
-0.08828848770057424
-0.09191320378160893
-0.09544766809201555
-0.09888877311643353
-0.10223352570851671
-0.10547904697981635
-0.10862257215144956
-0.11166145037035595
-0.11459314449152729
-0.11741523082728209
-0.12012539886441156
-0.12272145094983014
-0.12520130194521745
-0.12756297885102458
-0.12980462040012075
-0.13192447662130005
-0.13392090837279857
-0.13579238684594508
-0.13753749303903257
-0.1391549172014776
-0.1406434582483203
-0.14200202314511165
-0.1432296262632258
-0.14432538870564132
-0.14528853760322843
-0.14611840538160178
-0.14681442899858477
-0.14737614915236097
-0.14780320946038164
-0.14809535560913045
-0.14825243447483485
-0.1482743932152543
-0.14816127833266707
-0.1479132347082108
-0.14753050460773343
-0.14701342665933662
-0.1463624348028047
-0.14557805721113107
-0.14466091518437116
-0.14361172201606118
-0.14243128183246564
-0.14112048840493419
-0.13968032393565177
-0.13811185781709684
-0.13641624536553254
-0.13459472652886603
-0.13264862456923937
-0.13057934472071392
-0.12838837282244386
-0.12607727392773038
-0.12364769088937674
-0.12110134292177246
-0.1184400241401474
-0.1156656020774526
-0.11278001617933635
-0.10978527627769649
-0.10668346104330259
-0.10347671641799046
-0.10016725402694793
-0.0967573495716147
-0.09324934120373524
-0.08964562788110816
-0.08594866770558784
-0.08216097624389881
-0.07828512483183535
-0.07432373886242019
-0.06808683455633883
-0.05967886839748606
-0.05097895936954536
-0.04201041670748715
-0.032797200832209446
-0.023363864799937475
-0.013735495119663908
-0.003937652007864743
0.006003690856311092
0.01606220702166804
0.02621127836242062
0.036424056566447864
0.046673525034679406
0.056932561271077195
0.06717399994225527
0.07737069696113331
0.08749559527558876
0.0975217936956583
0.10742262152047731
0.11717172524920934
0.12674318395859108
0.13611170891841362
0.14525320727619123
0.15414703612924024
0.16277765702302663
0.17113123834940966
0.1791944393192301
0.18695439774300707
0.19439875039010243
0.20151565267531982
0.20504943680208237
0.20839292121732825
0.21164898143022207
0.21481632779356774
0.21789370697223906
0.2208799024387466
0.22377373495374364
0.22657406303129962
0.22927978338873953
0.23188983138088248
0.23440318141850666
0.23681884737087283
0.23913588295215607
0.241353382091628
0.24347047928744495
0.24548634994390708
0.24740021069206078
0.2492113196935065
0.25091897692731324
0.25252252445991186
0.25402134669787263
0.25541487062347223
0.25670256601295033
0.2578839456373839
0.25895856544609236
0.25992602473252163
0.2607859662825273
0.2615380765050136
0.262182085544871
0.2627177673781935
0.2631449398897137
0.2634634649324518
0.26367324836955414
0.26377424009830996
0.26376643405633177
0.26364986820992115
0.26342462452462323
0.2630908289179766
0.2626486511945011
0.26209830496293696
0.2614400475359417
0.2606741798144022
0.2598010461535398
0.2588210342072978
0.257734574756861
0.256542141522394
0.25524425095753905
0.2538414620267167
0.2523343759652965
0.2507236360227436
0.24900992718884943
0.24719397590315798
0.2452765497477127
0.24325845712325353
0.24114054690899903
0.23892370810615776
0.2366088694653175
0.23419699909786929
0.23168910407162563
0.22908622999080722
0.2263894605605655
0.22359991713622793
0.2207187582574557
0.21774717916749647
0.21468641131774455
0.21153772185780256
0.20830241311126207
0.20498182203742044
0.201577319679151
0.19809031059715806
0.1945222322908518
0.19087455460607589
0.18714877912993771
0.18334643857298677
0.17946909613899562
0.1755183448826049
0.1714958070550913
0.167403133438534
0.16324200266864466
0.1590141205465453
0.1547212193397732
0.15036505707280037
0.14594741680735304
0.14147010591283649
0.13693495532715153
0.1323438188082124
0.1276985721764695
0.12300111254874595
0.11825335756370377
0.11345724459925167
0.10861472998221558
0.10372778819059496
0.09879841104872886
0.09382860691570108
0.08770860021829216
0.07757005214686223
0.0673043793811742
0.05692827592020569
0.046458603767803135
0.035912365537646505
0.025306676848238827
0.014658738552729856
0.003985808848616522
-0.006694824687466814
-0.017365873094566497
-0.02801007400651341
-0.03861021957004561
-0.04914918425680876
-0.05960995252429676
-0.06997564628106492
-0.08022955211189589
-0.09035514821901475
-0.1003361310359357
-0.11015644147108124
-0.11980029073894281
-0.1292521857372403
-0.13849695392930378
-0.14751976769172181
-0.15630616808818348
-0.16484208803137726
-0.17311387479578022
-0.1811083118449433
-0.1888126399344467
-0.19621457744423898
-0.20330233994971791
-0.20850536339598627
-0.21180081622414926
-0.21501152886745192
-0.21813622916890965
-0.22117368018478334
-0.22412268067386157
-0.22698206557214112
-0.2297507064527171
-0.23242751197069245
-0.23501142829295138
-0.23750143951260533
-0.23989656804796355
-0.24219587502586715
-0.2443984606492349
-0.24650346454867972
-0.2485100661180572
-0.25041748483381676
-0.2522249805580289
-0.25393185382497613
-0.25553744611118656
-0.25704114008869694
-0.25844235985173664
-0.25974057033287323
-0.2609352311300142
-0.26202532344827506
-0.263008948562877
-0.263883856305795
-0.26464775312829253
-0.26529838447454496
-0.2658335644919756
-0.2662511899104236
-0.26654924758508264
-0.26672581900267217
-0.26677908314227544
-0.2667073183608353
-0.2665089036585915
-0.2661823195272956
-0.2657261485039011
-0.26513907550754107
-0.26441988801105226
-0.26356747608198305
-0.262580832317501
-0.2614590516907295
-0.2602013313213181
-0.25880697017981963
-0.2572753687330779
-0.2556060285362268
-0.2537985517756014
-0.2518526407659965
-0.2497680974050006
-0.24754482258661167
-0.24518281557592636
-0.24268217334640524
-0.2400430898809479
-0.2372658554378376
-0.2343508557824526
-0.23129857138553775
-0.22810957658871342
-0.2247845387378509
-0.22132421728486115
-0.21772946285841968
-0.21400121630409938
-0.21014050769435938
-0.20614845530882825
-0.20202626458528883
-0.19777522704178
-0.19339671917020498
-0.1888922013018508
-0.18426321644521684
-0.1795113890965383
-0.17463842402342195
-0.1696461050219915
-0.1645362936479569
-0.15931092792202745
-0.1539720210100969
-0.1485216598786397
-0.14296200392575706
-0.13729528358833537
-0.13152379892577507
-0.1256499181807724
-0.11967607631763187
-0.11360477353860937
-0.10743857377879042
-0.10118010318002023
-0.09483204854441157
-0.08839715576796861
-0.08187822825487096
-0.07527812531297969
-0.06859976053112499
-0.061846100138759484
-0.05502016134855715
-0.04812501068255659
-0.04116376228244981
-0.03413957620463109
-0.027055656700625295
-0.014726579957958202
-2.1919859624747358E-4
0.014464366632437671
0.029296603604391607
0.04424951235993849
0.059294663451829384
0.0744032567747124
0.08954618078661573
0.10469407203253087
0.11981737487957073
0.13488640137283028
0.14987139112101522
0.16474257112117263
0.1794702154324904
0.19402470461021296
0.20837658481232874
0.2224966264939574
0.23635588260748402
0.24992574623076302
0.26317800755152204
0.2760849101441453
0.28861920648626754
0.30075421267875624
0.31246386235642976
0.323722759812898
0.3345062324196073
0.34479038251204963
0.35455213907551997
0.3637693098521192
0.3716404909573904
0.37577510319140023
0.3797611813294742
0.38359634431688117
0.38727828173210527
0.39080475721776475
0.39417361300618403
0.3973827763618658
0.4004302695906768
0.4033142271215433
0.40603292701172167
0.40858484689615454
0.4109687253562123
0.41318354413832126
0.4152284351392356
0.41710262047809143
0.41880539560762936
0.4203361262397372
0.4216942480151972
0.4228792666198751
0.4238907579486663
0.424728368252642
0.42539181425939665
0.42588088326506607
0.4261954331978036
0.42633539265265713
0.4263007608978279
0.4260916078523424
0.42570807403513594
0.42515037048558024
0.4244187786555052
0.4235136502727598
0.4224354071763751
0.42118454112341536
0.41976161356759173
0.41816725540974603
0.4164021667203119
0.41446711643387396
0.4123629420159553
0.4100905491021874
0.4076509111100009
0.40504506882301805
0.4022741299483096
0.3993392686467266
0.3962417250364752
0.3929828046701709
0.3895638779855758
0.38598637973025735
0.38225180836040645
0.37836172541407115
0.3743177548590566
0.3701215824157791
0.3657749548553498
0.361279679274021
0.3566376223457378
0.3518507095466824
0.3469209243556635
0.3418503074326133
0.3366409557744067
0.33129502184819426
0.32581471270257883
0.32020228905699083
0.31446006436964624
0.30859040388445685
0.30259572365728893
0.29647848956198447
0.2902412162765254
0.2838864662497839
0.27741684864927046
0.2708350182903119
0.26414367454710325
0.2573455602460735
0.25044346054202554
0.24344020177750375
0.2363386503258654
0.22914171141851836
0.22185232795681148
0.21447347930906352
0.2070081800932183
0.19945947894562754
0.19183045727646114
0.18412422801225176
0.17634393432609458
0.16849274835600775
0.16057386991198364
0.1525905251722606
0.1445459653693379
0.13644346546627498
0.12828632282380942
0.12007785585884212
0.11182140269482926
0.10352031980463168
0.09517798064637621
0.08679777429287722
0.07838310405518126
0.06993738610079035
0.06146404806712491
0.052898459134424085
0.035844374123285165
0.01873512745115233
0.0015984413515105443
-0.015537935315706157
-0.03264627198585043
-0.049698901252872185
-0.06666826360164237
-0.08352695193698463
-0.10024775583748827
-0.11680370546266333
-0.13316811504260984
-0.14931462588009067
-0.16521724879573144
-0.1808504059480203
-0.1961889719608338
-0.21120831429237358
-0.2258843327806773
-0.24019349830223602
-0.2541128904817246
-0.2676202343924321
-0.2806939361886405
-0.29331311761296885
-0.305457649323552
-0.31710818298784726
-0.3282461820918206
-0.33885395141507124
-0.34891466512049624
-0.3584123934038828
-0.3673321277024098
-0.3756598044008452
-0.382424320202127
-0.3860947047156597
-0.3896096982818037
-0.39296792826807303
-0.39616808591789665
-0.39920892685977344
-0.40208927159019703
-0.4048080059301955
-0.407364081455277
-0.40975651589863965
-0.4119843935274675
-0.4140468654921941
-0.4159431501485836
-0.4176725333525166
-0.4192343687273608
-0.4206280779038391
-0.4218531507322978
-0.42290914546730274
-0.42379568892449415
-0.4245124766096442
-0.42505927281988765
-0.4254359107170691
-0.42564229237320805
-0.4256783887880648
-0.4255442398787984
-0.42523995444175655
-0.4247657100863773
-0.42412175314119455
-0.4233083985309612
-0.4223260296117533
-0.42117509778763973
-0.41985611953408936
-0.41836964401548954
-0.4167160768453815
-0.41489546906392494
-0.41290763424369903
-0.4107523267620691
-0.40842932177865243
-0.40593844838416027
-0.4032796054735432
-0.40045277032635657
-0.39745800364140477
-0.39429545264643534
-0.39096535306930896
-0.38746803038799127
-0.3838039005971227
-0.3799734706345554
-0.37597733855849663
-0.3718161935348623
-0.36749081567531056
-0.3630020757543354
-0.3583509348257039
-0.35353844375318183
-0.3485657426666911
-0.3434340603524214
-0.33814471358347625
-0.33269910639626005
-0.327098729316759
-0.32134515854008094
-0.3154400550660254
-0.30938516379301034
-0.30318231257229017
-0.29683341122415974
-0.2903404505175875
-0.2837055011145678
-0.2769307124803377
-0.2700183117604748
-0.2629706026258433
-0.25578996408623816
-0.24847884927356503
-0.24103978419530214
-0.23347536645900244
-0.2257882639685232
-0.21798121359267464
-0.2100570198069523
-0.2020185533090007
-0.19386874960845932
-0.18561060759181736
-0.1772471880629132
-0.16878161225970648
-0.16021706034795344
-0.1515567698924011
-0.14280403430615102
-0.1339622012788048
-0.12503467118403674
-0.1160248954672333
-0.1069363750138372
-0.09777265849905113
-0.0885373407195501
-0.07923406090786131
-0.06986650103007926
-0.060438384067580495
-0.05095347228341599
-0.0414155654740626
-0.03182849920721626
-0.017277113172653177
0.0021449582317659374
0.021692859295438505
0.04133449472692922
0.0610374146804957
0.080768874138489
0.10739315048909043
0.14664729557388154
0.17280143978705148
0.19206307700925748
0.21113091303701922
0.2299719454271626
0.24855339996800313
0.266842790028672
0.2848079753920144
0.3024172204765914
0.3196392518543076
0.33644331497128455
0.3527992299809832
0.36867744660009544
0.3840490978994999
0.398886052944545
0.41316096820118137
0.42684733762694727
0.4399195413686258
0.4523528929915688
0.4609541317031718
0.4666785952687508
0.472230491396068
0.47760711380771037
0.48280582469561
0.48782405596657485
0.4926593104598703
0.49730916313653384
0.5017712622401328
0.5060433304287016
0.5101231658776858
0.5140086433537234
0.5176977152592293
0.52118841264777
0.5244788462103246
0.5275672072326991
0.5304517685243889
0.5331308853194769
0.5356029961502676
0.5378666236946961
0.539920375598819
0.5417629452761711
0.5433931126863071
0.5448097450955675
0.5460117978240714
0.546998314984245
0.5477684302179706
0.5483213674418754
0.5486564416138318
0.5487730595386946
0.5486707207387406
0.5483490184254362
0.547807640626252
0.5470463715475244
0.546065093298537
0.54486378817598
0.5434425418345047
0.5418015478875584
0.5399411148477669
0.5378616768271213
0.5355638096004977
0.5330482511780468
0.5303159169071635
0.5273678916307439
0.5242053997989089
0.520829776595215
0.5172424520264958
0.5134449442661543
0.5094388569680677
0.5052258779487091
0.5008077782839762
0.4961864115093904
0.49136371282757085
0.4863416982945199
0.4811224639766937
0.47570818507685414
0.4701011150284144
0.46430358455847837
0.45831800071991935
0.4521468458928867
0.4457926767561488
0.43925812322869956
0.4325458873821811
0.4256587423263318
0.41859953106584774
0.4113711653255264
0.40397662434921616
0.3964189536724388
0.3887012638686729
0.3808267292697412
0.3727985866608173
0.36462013395057863
0.3562947288170543
0.3478257873297232
0.3392167825484198
0.33047124309963544
0.3215927517307817
0.3125849438430228
0.30345150600326715
0.29419617443593127
0.2848227334950965
0.2753350141176741
0.2657368922582153
0.2560322873060105
0.24622516048511753
0.23631951323796746
0.226319385593225
0.21622885451854568
0.206052032258921
0.1957930646612779
0.18545612948601706
0.1750454347061781
0.16456521679492542
0.1540197390020465
0.14341328962017236
0.1327501802414139
0.12203474400513147
0.11127133383754631
0.10046432068390986
0.08961809173394493
0.07873704864128556
0.061178454032992574
0.039257518670585266
0.017279024044598645
-0.004721426519018062
-0.026708217001028135
-0.048645776332612585
-0.07049863592934688
-0.09223148702241618
-0.1138092376944214
-0.13519706952767038
-0.15636049377353248
-0.17726540695226284
-0.1978781457936939
-0.21816554143030906
-0.23809497275547378
-0.25763441886101945
-0.2767525104699133
-0.29541858028141815
-0.31360271214798374
-0.33127578900501875
-0.34840953947678616
-0.364976583083844
-0.38095047397973314
-0.3963057431470394
-0.41101793898530614
-0.4250636662245182
-0.43842062309093904
-0.45106763668608907
-0.4629846965385559
-0.474152986241832
-0.4845549131378043
-0.4901492166761756
-0.4948317069372571
-0.499314479632954
-0.5035957847196001
-0.5076739542405792
-0.5115474029749998
-0.5152146290526682
-0.5186742145351456
-0.5219248259626525
-0.5249652148666104
-0.5277942182476318
-0.5304107590187633
-0.5328138464138241
-0.5350025763606874
-0.5369761318193516
-0.5387337830846941
-0.5402748880537689
-0.5415988924575789
-0.5427053300572027
-0.5435938228042089
-0.544264080965232
-0.5447159032105392
-0.5449491766661703
-0.5449638769285897
-0.5447600680388066
-0.54433790240729
-0.5436976206635935
-0.5428395513511698
-0.5417641102200571
-0.5404717983464368
-0.5389631967818481
-0.5372389520547642
-0.5352997451756958
-0.5331462520901908
-0.530779126803675
-0.5281990177008131
-0.5254065947999793
-0.522402571697422
-0.5191877200961535
-0.5157628790625456
-0.5121289609919607
-0.5082869555386954
-0.504237932252011
-0.49998304235846575
-0.4955235199586612
-0.490860682807057
-0.4859959327843109
-0.48093075613536135
-0.47566672352357986
-0.4702054899364707
-0.4645487944684651
-0.45869845999963216
-0.45265639278441483
-0.44642458196115753
-0.4400050989907787
-0.43340009703118604
-0.4266118102526955
-0.419642553098741
-0.41249471949539307
-0.4051707820126313
-0.3976732909798534
-0.39000487355775654
-0.3821682327684481
-0.374166146485402
-0.3660014663847264
-0.3576771168590378
-0.3491960938951463
-0.34056146391664516
-0.33177636259242477
-0.32284399361207566
-0.31376762742909775
-0.3045505999727762
-0.29519631132957874
-0.2857082243948647
-0.27608986349571635
-0.2663448129856555
-0.25647671581201187
-0.24648927205668855
-0.23638623745107143
-0.2261714218658193
-0.21584868777626554
-0.2054219487041628
-0.19489516763650536
-0.18427235542214823
-0.1735575691469636
-0.16275491048825952
-0.15186852404919576
-0.14090259567393315
-0.1298613507442508
-0.11874905245838162
-0.10757000009279628
-0.09632852724769583
-0.08502900007695723
-0.07367581550328958
-0.06102774465431497
-0.03808429237637279
-0.014999658884929878
0.008189875908756448
0.031447748634719164
0.05473717262409473
0.07802119851591209
0.12326905958480738
0.16922131779736396
0.19518578263268827
0.21763678701677472
0.2398209298046609
0.2617021959229559
0.2832449621066675
0.3044140563550612
0.3251748167179653
0.34549314931533825
0.36533558549415424
0.3846693380280582
0.4034623562668049
0.42168338014419493
0.43930199295506017
0.456288672813873
0.47261484270969284
0.48825291907446206
0.5031763587840841
0.5116568825719617
0.5186198365004878
0.5253911246834049
0.5319678284247288
0.5383471037413401
0.5445261825923573
0.55050237407829
0.5562730656094454
0.5618357240431143
0.5671878967890778
0.5723272128829521
0.5772513840269482
0.5819582055976115
0.5864455576201074
0.5907114057086895
0.5947538019729206
0.5985708858893092
0.6021608851379842
0.6055221164040784
0.6086529861434831
0.6115519913126856
0.6142177200623716
0.6166488523945529
0.6188441607829062
0.6208025107561573
0.6225228614442148
0.624004266086902
0.6252458725050809
0.6262469235340029
0.627006757418753
0.6275248081716568
0.6278006058915394
0.6278337770448025
0.6276240447082037
0.6271712287733675
0.6264752461129898
0.6255361107087954
0.6243539337412954
0.6229289236414336
0.6212613861042835
0.6193517240649409
0.6172004376368613
0.6148081240128898
0.6121754773293545
0.6093032884935913
0.6061924449753984
0.6028439305629966
0.5992588250841664
0.5954383040933929
0.5913836385259784
0.587096194320289
0.5825774320095373
0.5778289062848004
0.5728522655313466
0.5676492513407956
0.5622216980022902
0.5565715319765804
0.5507007713580474
0.5446115253309924
0.5383059936284273
0.531786466004151
0.5250553217323218
0.5181150291537376
0.5109681452948154
0.5036173155952047
0.4960652737940679
0.48831484206613907
0.4803689333929045
0.47223056529465823
0.46390287299227767
0.4553891088753205
0.4466926374526175
0.4378169294454335
0.42876555589425325
0.41954218271666704
0.41015056597503163
0.40059454797069644
0.3908780541631099
0.38100509082234596
0.37097974326183963
0.3608061744600049
0.3504886238635336
0.3400314061731396
0.32943890994485786
0.31871559589128456
0.3078659948260417
0.29689470524836187
0.2858063906038162
0.27460577627892097
0.2632976463940702
0.2518868404556764
0.24037824991951218
0.2287768147066717
0.21708751970345572
0.20531539126792162
0.1934654937590069
0.18154292609900752
0.16955281837642253
0.15750032849352325
0.14539063886114106
0.13322895314192115
0.1168721221804131
0.09231181486588783
0.0676345414355346
0.04288241399838293
0.01809752611116804
-0.0066781381864679515
-0.031402792556118594
-0.05603493382148691
-0.08053342474718997
-0.10485757416178741
-0.12896721443802792
-0.1528227763314903
-0.17638536116814948
-0.19961681036145962
-0.22247977222974982
-0.24493776607433645
-0.26695524346672106
-0.2884976466780382
-0.30953146416305405
-0.33002428298023306
-0.34994483798083376
-0.3692630575178229
-0.3879501052742552
-0.4059784174973873
-0.42332173413822727
-0.4399551195291182
-0.4558549440440531
-0.4709986990286467
-0.4853647972372058
-0.4938250620604823
-0.500460579132725
-0.5068910304556931
-0.5131140699314902
-0.519127418671043
-0.5249288666357925
-0.5305162742622438
-0.5358875740642808
-0.5410407722063502
-0.5459739500387764
-0.5506852655850103
-0.555172954969537
-0.5594353337748594
-0.5634707983162144
-0.5672778268239512
-0.5708549805252636
-0.5742009046194164
-0.5773143291434711
-0.5801940697284671
-0.5828390282490166
-0.5852481933720806
-0.5874206410130576
-0.5893555347091983
-0.5910521259216902
-0.5925097542782851
-0.5937278477683228
-0.5947059229012804
-0.5954435848386916
-0.5959405275076326
-0.5961965337021097
-0.5962114751766605
-0.5959853127346433
-0.5955180963119777
-0.594809965055723
-0.5938611473957881
-0.5926719611072646
-0.5912428133604454
-0.5895742007553234
-0.5876667093373162
-0.5855210145910871
-0.5831378814095504
-0.5805181640353486
-0.5776628059724938
-0.574572839866062
-0.5712493873482175
-0.5676936588490704
-0.5639069533711633
-0.5598906582266113
-0.555646248736104
-0.5511752878892019
-0.5464794259654914
-0.5415604001163034
-0.5364200339068222
-0.5310602368185267
-0.5254830037119678
-0.51969041424997
-0.5136846322814128
-0.5074679051858265
-0.5010425631790224
-0.49441101858006886
-0.4875757650399684
-0.48053937673236574
-0.47330450750670655
-0.46587389000424323
-0.45825033473735155
-0.4504367291325903
-0.4424360365380011
-0.4342512951951258
-0.42588561717626044
-0.41734218728747835
-0.40862426193792206
-0.3997351679759575
-0.39067830149272476
-0.3814571265936605
-0.3720751741385886
-0.36253604045095544
-0.3528433859968329
-0.3430009340342864
-0.3330124692337469
-0.32288183627001327
-0.31261293838652576
-0.30220973593257233
-0.2916762448740811
-0.2810165352786693
-0.27023472977562496
-0.2593350019915153
-0.2483215749621086
-0.23719871952130323
-0.2259707526677946
-0.21464203591017506
-0.2032169735911985
-0.19170001119194266
-0.180095633616595
-0.1684083634586167
-0.15664275924902807
-0.14480341368756705
-0.1328949518574894
-0.1209220294247639
-0.10888933082244784
-0.0887836026131851
-0.06440367125444212
-0.03987331481130098
-0.015231093307421317
0.009484202117181826
0.03423361046445271
0.07138557749617325
0.12060964640249734
0.16300859896323258
0.18708836221422245
0.21092067566681177
0.23446754024937758
0.2576913589888001
0.28055499752104657
0.3030218439508586
0.3250558679608459
0.3466216790715651
0.3676845839555902
0.388210642710194
0.4081667239949652
0.42752055894259666
0.4462407937530921
0.46429704088383095
0.48165992875024205
0.49830114985426627
0.5141935072604131
0.5221378800876986
0.5295907162963173
0.5368434810482111
0.5438931870386104
0.5507369257206111
0.5573718685113521
0.563795267966729
0.5700044589241904
0.5759968596131266
0.5817699727323663
0.587321386494361
0.5926487756355999
0.597749902392841
0.6026226174447301
0.6072648608184356
0.6116746627609077
0.6158501445743875
0.6197895194158346
0.6234910930599097
0.6269532646252105
0.6301745272634508
0.633153468811284
0.6358887724045089
0.6383792170543767
0.6406236781857753
0.6426211281370598
0.6443706366213064
0.6458713711488075
0.6471225974106161
0.6481236796229874
0.648874080832564
0.6493733631821929
0.6496211881372256
0.6496173166722524
0.649361609418155
0.6488540267694445
0.6480946289518248
0.6470835760499646
0.6458211279954642
0.6443076445150481
0.6425435850389911
0.6405295085698314
0.6382660735114547
0.6357540374586206
0.6329942569470309
0.6299876871641118
0.626735381620593
0.6232384917831061
0.6194982666679715
0.6155160523963933
0.6112932917112986
0.6068315234560855
0.6021323820155792
0.5971975967194899
0.5920289912087561
0.5866284827651156
0.58099808160434
0.5751398901335845
0.5690561021733341
0.5627490021445
0.5562209642212409
0.5494744514501794
0.5425120148367109
0.5353362923992233
0.5279500081920849
0.5203559712984078
0.5125570747937959
0.5045562947269702
0.49635669208707733
0.48796142905962275
0.47937378412479503
0.4705971533499084
0.46163504770046854
0.452491089605337
0.4431690093466163
0.43367264143668277
0.42400592103614687
0.4141728804255831
0.4041776455263223
0.3940244324583991
0.38371754412208076
0.3732613667907214
0.36266036670549096
0.3519190866657719
0.34104214261220883
0.33003422020199336
0.3189000713780306
0.3076445109350167
0.2962724130862846
0.2847887080356733
0.27319837855871304
0.2615064565972562
0.2497180198713637
0.2378381885118411
0.22587212171644772
0.2138250144323397
0.20170209406695322
0.18950861722917225
0.17724986650231708
0.164931147250226
0.1451594424285216
0.12021966194982481
0.09513838924084879
0.06995863192728238
0.0447233928480702
0.019475578473295323
-0.005742090227277509
-0.030887164441089555
-0.05591755167254009
-0.08079159738259628
-0.1054681640836853
-0.1299067078629959
-0.15406735230453084
-0.17791095977700525
-0.20139920005095024
-0.22449461620385835
-0.2471606877664753
-0.26936189105555564
-0.29106375662711337
-0.3122329237666603
-0.3328371919040079
-0.35284556878837126
-0.3722283151578209
-0.3909569854096421
-0.4090044631587507
-0.42634498818357563
-0.4429541512440758
-0.45880872853620264
-0.4738864583334284
-0.4827926565403853
-0.4897838241979303
-0.4965697874976922
-0.5031481235970738
-0.5095164776832917
-0.5156725644106737
-0.5216141692994707
-0.5273391500953485
-0.5328454380886116
-0.5381310393923031
-0.5431940361782186
-0.5480325878699485
-0.5526449322920525
-0.557029386774559
-0.5611843492120059
-0.5651082990763617
-0.5687997983832508
-0.5722574926110674
-0.5754801115726355
-0.5784664702392684
-0.5812154695171993
-0.5837260969765026
-0.585997427532756
-0.5880286240818194
-0.5898189380882289
-0.5913677101277458
-0.5926743703847276
-0.5937384391049857
-0.5945595270048484
-0.59513733563715
-0.5954716577148059
-0.5955623773926967
-0.5954094705084401
-0.5950130047826468
-0.5943731399791603
-0.593490128025755
-0.5923643130956305
-0.590996131650087
-0.5893861124426016
-0.5875348764845313
-0.5854431369726155
-0.5831116991783863
-0.5805414602995873
-0.5777334092736623
-0.574688626553352
-0.5714082838444311
-0.5678936438056222
-0.5641460597106838
-0.5601669750727232
-0.5559579232307547
-0.5515205268985489
-0.5468564976758524
-0.541967635522012
-0.5368558281921538
-0.531523050635992
-0.5259713643594208
-0.5202029167490541
-0.514219940359884
-0.5080247521662845
-0.5016197527765548
-0.4950074256112927
-0.48819033604585405
-0.48117113051718474
-0.4739525355953639
-0.46653735702019117
-0.45892847870317305
-0.4511288616952902
-0.44314154312095655
-0.43496963507857084
-0.42661632350811735
-0.41808486702625564
-0.4093785957293854
-0.4005009099651561
-0.3914552790729498
-0.38224524009383953
-0.3728743964505696
-0.36334641659809647
-0.3536650326452659
-0.3438340389482021
-0.3338572906759878
-0.32373870234925095
-0.31348224635226835
-0.3030919514192165
-0.2925719010951967
-0.2819262321727003
-0.27115913310416534
-0.2602748423912858
-0.24927764695177113
-0.23817188046423243
-0.22696192169189774
-0.21565219278586084
-0.20424715756858255
-0.19275131979836704
-0.18116922141553882
-0.1695054407710637
-0.1577645908383634
-0.14595131740906256
-0.13407029727343756
-0.12001790256256675
-0.09594087327435794
-0.07167219846770378
-0.04725041234917189
-0.02271433003612713
0.0018970138566610088
0.0269635165994537
0.07620782402407529
0.1251220872640348
0.16128277448504313
0.1852057494339379
0.2088716792885977
0.23224255916327743
0.25528081859452784
0.27794938205126374
0.30021172872362567
0.32203195149146757
0.34337481497471656
0.36420581256933715
0.3844912223743798
0.4041981619173992
0.4232946415875268
0.44174961668764495
0.4595330380193559
0.4766159009168884
0.4929702926486246
0.5069295658323931
0.5144802102773692
0.5218331972056578
0.5289855020049732
0.5359341787961497
0.5426763616472313
0.5492092657559808
0.555530188600283
0.5616365110560184
0.5675256984818767
0.5731953017707211
0.5786429583670244
0.5838663932499741
0.5888634198818228
0.5936319411211127
0.5981699501003712
0.6024755310679332
0.6065468601935149
0.6103822063372355
0.6139799317817486
0.6173384929271671
0.6204564409485399
0.6233324224155452
0.6259651798742069
0.6283535523903333
0.6304964760545197
0.6323929844484406
0.6340422090722962
0.6354433797332123
0.6365958248944396
0.6374989719852124
0.6381523476711619
0.6385555780851547
0.6387083890184923
0.6386106060723867
0.6382621547696741
0.6376630606267303
0.6368134491855899
0.6357135460062397
0.6343636766191751
0.6327642664382013
0.6309158406335916
0.6288190239656904
0.6264745405790458
0.6238832137572354
0.6210459656385408
0.6179638168926332
0.6146378863585127
0.611069390643904
0.6072596436864218
0.6032100562767582
0.5989221355442534
0.594397484405223
0.5896378009744259
0.584644877940174
0.5794206019035387
0.5739669526822653
0.5682860025799836
0.562379915621451
0.5562509467545758
0.5499014410201438
0.5433338326902167
0.5365506443763709
0.5295544861090518
0.5223480543895664
0.5149341312164502
0.5073155830882725
0.49949535999535694
0.4914764957293146
0.48326211935096214
0.4748554715550526
0.46625990772244164
0.4574788954896828
0.4485160114356975
0.4393749376705968
0.43005945851363886
0.4205734572969713
0.4109209132757746
0.40110589860399254
0.39113257533095375
0.3810051923799595
0.3707280824804707
0.3603056590370989
0.34974241292919994
0.3390429092430462
0.32821178394421313
0.3172537405010686
0.3061735464715993
0.294976030065847
0.28366607669540617
0.2722486255201759
0.26072866600110806
0.24911123446627068
0.2374014106961968
0.22560431453334748
0.21372510251948382
0.20176896456393545
0.189741120645064
0.17764681754667358
0.1654913256306915
0.14211114557517313
0.11746384553891363
0.09267629772219292
0.06779127123911886
0.04285152590694258
0.01789972068184281
-0.007021675367995815
-0.031870469545893135
-0.05660482945852559
-0.08118336438451687
-0.10556520406420175
-0.12971007489077532
-0.15357837347867848
-0.17713123758055696
-0.20033061431928548
-0.22313932569602915
-0.24552113132850134
-0.2674407883644498
-0.28886410850205035
-0.3097580120277712
-0.3300905787460403
-0.3498310956070687
-0.36895010069653983
-0.3874194229003397
-0.40521221545262087
-0.4223029757744768
-0.43866748721157445
-0.45428257823594764
-0.4691260099447971
-0.4796770702559838
-0.4865025027774854
-0.49312342509808293
-0.49953744000659733
-0.5057422194744433
-0.5117355060394734
-0.5175151141498348
-0.523078931467149
-0.5284249201284388
-0.5335511179661664
-0.5384556396858465
-0.5431366780007506
-0.547592504723245
-0.5518214718124466
-0.5558220123778564
-0.5595926416387964
-0.5631319578394973
-0.5664386431198095
-0.569511464341526
-0.5723492738704264
-0.5749510103142172
-0.577315699216534
-0.5794424537072931
-0.5813304751096933
-0.5829790535041492
-0.584387568249524
-0.5855554884620136
-0.5864823734519666
-0.5871678731190526
-0.5876117283060242
-0.5878137711114262
-0.5877739251614816
-0.587492205841453
-0.5869687204866583
-0.5862036685333674
-0.5851973416297419
-0.5839501237069679
-0.5824624910107261
-0.5807350120930833
-0.5787683477649228
-0.5765632510090042
-0.5741205668537133
-0.5714412322075885
-0.5685262756546877
-0.5653768172108778
-0.5619940680411264
-0.5583793301378692
-0.5545339959605606
-0.5504595480365071
-0.5461575585231043
-0.5416296887316103
-0.5368776886125984
-0.531903396203273
-0.5267087370367953
-0.5212957235138599
-0.5156664542367073
-0.5098231133058322
-0.5037679695796227
-0.4975033758972142
-0.4910317682648612
-0.48435566500611094
-0.4774776658761325
-0.4704004511405332
-0.46312678061903545
-0.4556594926943976
-0.4480015032869681
-0.44015580479529903
-0.43212546500324955
-0.4239136259540293
-0.41552350279164113
-0.4069583825702115
-0.3982216230316991
-0.38931665135248816
-0.3802469628594004
-0.371016119715655
-0.36162774957732957
-0.35208554422089183
-0.3423932581423685
-0.33255470712875795
-0.32257376680226946
-0.3124543711380175
-0.30220051095578554
-0.2918162323865009
-0.2813056353140738
-0.27067287179323396
-0.2599221444440629
-0.24905770482387096
-0.23808385177712255
-0.22700492976409786
-0.21582532716899344
-0.20454947458817332
-0.19318184309929548
-0.18172694251203447
-0.17018931960114012
-0.15857355632257125
-0.14688426801345325
-0.1351261015766136
-0.12255687918006115
-0.09873145502234305
-0.07470723057499039
-0.05052250905118043
-0.02621588750449067
-0.0018261955391801448
0.022607566461981726
0.06911048054358342
0.11768148101140283
0.15772755941110664
0.18147917419888554
0.20498050992689681
0.22819366254285886
0.25108115261958386
0.2736059858893331
0.29573171306766427
0.3174224888675981
0.33864313010631364
0.3593591728080565
0.37953692820867846
0.3991435375689982
0.41814702570618684
0.43651635315449644
0.45422146686891296
0.47123334938773714
0.4875240663726215
0.5023306464550563
0.5098324681735744
0.5171380756370714
0.5242444473617681
0.5311486402311726
0.537847790712171
0.5443391160396363
0.5506199153690022
0.5566875708963775
0.5625395489457126
0.568173401022569
0.5735867648340607
0.5787773652745409
0.5837430153766408
0.5884816172272388
0.5929911628480067
0.5972697350401626
0.6013155081930791
0.6051267490564171
0.6087018174754574
0.612039167089359
0.6151373459920075
0.6179949973552389
0.6206108600141551
0.622983769014283
0.6251126561204036
0.6269965502867939
0.628634578088738
0.6300259641151202
0.6311700313219479
0.6320662013466865
0.6327139947832815
0.63311303141778
0.6332630304244712
0.6331638105224942
0.6328152900928637
0.6322174872559405
0.6313705199092894
0.630274605726017
0.6289300621135878
0.62733730613323
0.6254968543800172
0.6234093228237492
0.6210754266107941
0.6184959798270635
0.6156718952223443
0.6126041838962366
0.6092939549459747
0.6057424150764613
0.6019508681728876
0.5979207148363491
0.5936534518829495
0.5891506718069106
0.5844140622083162
0.5794454051861643
0.5742465766975473
0.5688195458838327
0.5631663743649058
0.5572892155026616
0.5511903136351506
0.5448720032829995
0.5383367083300322
0.5315869411803233
0.5246253018944659
0.5174544773081992
0.5100772401373997
0.5024964480741941
0.4947150429005294
0.4867360514651297
0.47856259811454277
0.47019791845794784
0.46164536047661275
0.4529083815088011
0.44399054473027794
0.4348955157677232
0.4256270595896067
0.41618903766857146
0.40658540534473536
0.39682020929518635
0.3868975850162784
0.37682175424245823
0.36659702224984975
0.3562277750179915
0.34571847624443
0.3350736642222679
0.3242979486000888
0.31339600704787035
0.3023725818531055
0.29123247646961264
0.2799805520386923
0.2686217238990664
0.257160958098854
0.24560326792005416
0.23395371042358973
0.22221738302101374
0.21039942007741075
0.19850498954880633
0.18653928965645783
0.17450754559968631
0.1624150063083767
0.139033967618585
0.11451413259708301
0.08985542291287385
0.06510044187366949
0.0402917843428577
0.01547194516356509
-0.00931676981917461
-0.03403233014724206
-0.05863306455285939
-0.08307774217421102
-0.1073256511747861
-0.1313366747520979
-0.15507136451577117
-0.17849101120943164
-0.2015577127451249
-0.22423443951270813
-0.24648509691916612
-0.26827458510288765
-0.2895688557536699
-0.31033496594668886
-0.33054112886006803
-0.35015676117280203
-0.3691525267854698
-0.38750037612054916
-0.4051735790060099
-0.42214674203897995
-0.4383957347853746
-0.45389744422206735
-0.4686296861254586
-0.4798677662431176
-0.48661657346380405
-0.49316117780480045
-0.4994991964636469
-0.505628315946269
-0.5115462934415564
-0.5172509581554668
-0.5227402126040045
-0.5280120338644153
-0.5330644747840435
-0.5378956651463168
-0.5425038127934085
-0.5468872047052072
-0.5510442080342877
-0.554973271096681
-0.5586729243183208
-0.5621417811371128
-0.5653785388606779
-0.5683819794798881
-0.5711509704383669
-0.5736844653581926
-0.5759815047221085
-0.5780412165125458
-0.5798628168078006
-0.581445610335754
-0.5827889909854728
-0.5838924422770574
-0.5847555377900947
-0.5853779415510186
-0.5857594083796975
-0.5858997841955305
-0.5857990062832495
-0.5854571035187128
-0.584874196554794
-0.5840504979675889
-0.582986312363025
-0.5816820364439931
-0.5801381590380977
-0.5783552610860849
-0.5763340155910033
-0.5740751875281663
-0.57157963371594
-0.5688483026474223
-0.5658822342830447
-0.5626825598041615
-0.5592505013276772
-0.555587371581777
-0.5516945735428704
-0.5475736000338045
-0.5432260332834935
-0.5386535444480691
-0.5338578930937076
-0.5288409266412895
-0.5236045797730855
-0.5181508738016496
-0.5124819160011587
-0.5065998989014254
-0.5005070995448541
-0.4942058787065951
-0.48769868007821643
-0.4809880294152021
-0.4740765336485966
-0.4669668799611728
-0.45966183482847056
-0.45216424302509867
-0.4444770265967167
-0.43660318379809954
-0.4285457879977356
-0.4203079865494102
-0.41189299963123405
-0.4033041190526141
-0.39454470702965894
-0.3856181949295286
-0.3765280819842703
-0.36727793397466724
-0.35787138188465656
-0.3483121205268972
-0.33860390714005334
-0.3287505599583936
-0.3187559567543068
-0.3086240333543529
-0.29835878212947425
-0.287964250460011
-0.27744453917615614
-0.26680380097452583
-0.2560462388114963
-0.24517610427400038
-0.2341976959284638
-0.22311535764857382
-0.21193347692259545
-0.20065648314093712
-0.18928884586469508
-0.17783507307589788
-0.16629970941019456
-0.15468733437271906
-0.14300256053789429
-0.13125003173391359
-0.11712341652821968
-0.09330099226833363
-0.06928671252604551
-0.04511886301163541
-0.020836014303352506
0.003523039448474283
0.028797809594772086
0.0775428208214525
0.1259622832845634
0.16230432179274817
0.18597942558320493
0.20939869790722238
0.23252434688547807
0.25531901243432814
0.2777458266607624
0.2997684735358439
0.32135124774767754
0.3424591126363222
0.3630577571146203
0.3831136514805813
0.4025941020288234
0.4214673043705562
0.4397023953737332
0.45726950363729163
0.47413979841580756
0.4902855369134755
0.5037297824689505
0.5111880705837468
0.5184499113962747
0.5255122964645083
0.532372295751592
0.5390270588382803
0.545473816103865
0.5517098798750868
0.5577326455425508
0.5635395926442016
0.5691282859153821
0.5744963763050713
0.5796416019578483
0.5845617891612084
0.5892548532578155
0.5937187995223229
0.5979517240024014
0.6019518143236291
0.6057173504579098
0.6092467054550962
0.6125383461375293
0.61559083375721
0.618402824615327
0.6209730706438945
0.6233004199492629
0.625383817317293
0.62722230467998
0.6288150215433502
0.6301612053764702
0.6312601919614098
0.6321114157040434
0.6327144099055558
0.6330688069946014
0.6331743387199923
0.6330308363039012
0.6326382305555405
0.631996551945285
0.6311059306392772
0.6299665964945333
0.6285788790146071
0.6269432072658815
0.6250601097546239
0.6229302142649057
0.6205542476575587
0.6179330356303676
0.61506750243972
0.611958670583953
0.6086076604487292
0.6050156899147503
0.601184073928221
0.5971142240344884
0.5928076478753518
0.5882659486506339
0.5834908245446289
0.5784840681181989
0.573247565667307
0.567783296549013
0.5620933324760115
0.5561798367810057
0.5500450636524518
0.5436913573434072
0.5371211513556255
0.5303369676013407
0.5233414155457976
0.5161371913340859
0.5087270769066997
0.5011139391092947
0.49330072885513765
0.4852904832242046
0.4770863398185408
0.4686915485114838
0.46010947127395246
0.4513435789304671
0.44239744758754224
0.4332747552406517
0.42397927867510193
0.41451489064419056
0.4048855572490719
0.39509533542316866
0.38514837042671424
0.37504889327501484
0.36480121804900656
0.3544097390620843
0.34387892787852226
0.33321333019413035
0.32241756259900817
0.31149630924631383
0.30045431845143805
0.2892963992441896
0.27802741789368124
0.2666522944223334
0.25517599912225547
0.24360354908441728
0.23194000474862703
0.220190466480381
0.20836007117907474
0.19645398892086527
0.18447741963851583
0.17243558983986743
0.16033374936604683
0.13610560801370505
0.11156722876865491
0.08689455558239415
0.06213018081667138
0.037316679619762996
0.012496518625873447
-0.01228803274802036
-0.036994988416807234
-0.061582729156702896
-0.08601008354678942
-0.1102364063137936
-0.13422165406536965
-0.15792645839146122
-0.181312196307712
-0.2043410580091274
-0.2269761118957761
-0.2491813668246417
-0.2709218315314912
-0.2921635711518
-0.31287376074628465
-0.33302073569606744
-0.35257403875572285
-0.371504463388406
-0.38978409259234903
-0.40738633104713706
-0.4242859200815108
-0.44045885085463843
-0.455882116902644
-0.47053364207564047
-0.4809963215175065
-0.4877242666156598
-0.49424775606118787
-0.5005644146842516
-0.5066719366725542
-0.5125680869457455
-0.5182507024892226
-0.5237176936466019
-0.5289670453702325
-0.5339968184291257
-0.5388051505737298
-0.5433902576570976
-0.5477504347120519
-0.5518840569840212
-0.5557895809193437
-0.559465545108918
-0.5629105711871588
-0.5661233646863378
-0.5691027158464127
-0.5718475003805974
-0.5743566801969078
-0.5766293040760515
-0.5786645083059831
-0.580461517273532
-0.582019644013521
-0.5833382907157502
-0.5844169491902615
-0.5852552012912531
-0.5858527193000229
-0.58620926626723
-0.586324696314805
-0.5861989548977471
-0.5858320790260428
-0.5852241974469012
-0.5843755307874475
-0.5832863916580276
-0.5819571847162183
-0.580388406691614
-0.5785806463714741
-0.576534584547278
-0.5742509939222151
-0.5717307389796615
-0.5689747758126706
-0.5659841519145258
-0.5627600059303778
-0.5593035673700313
-0.555616156281943
-0.5516991828884967
-0.5475541471826336
-0.5431826384859804
-0.5385863349685285
-0.5337670031300766
-0.5287264972435384
-0.52346675876032
-0.5179898156779481
-0.5122977818701817
-0.5063928563798147
-0.5002773226744589
-0.4939535478655537
-0.4874239818909085
-0.4806911566610922
-0.4737576851699979
-0.46662626056993706
-0.4592996552116264
-0.451780719649463
-0.44407238161248136
-0.43617764494141764
-0.4280995884923274
-0.41984136500719155
-0.411406199951996
-0.4027973903227676
-0.39401830342005545
-0.38507237559238094
-0.37596311094918833
-0.36669408004382487
-0.357268918527117
-0.34769132577210987
-0.3379650634705394
-0.3280939542016523
-0.318081879973952
-0.30793278074050984
-0.2976506528884614
-0.2872395477033213
-0.27670356980877
-0.2660468755825794
-0.2552736715493285
-0.24438821275060857
-0.23339480109338714
-0.22229778367724556
-0.21110155110117765
-0.19981053575067412
-0.1884292100658132
-0.1769620847910826
-0.16541370720767126
-0.1537886593489722
-0.14209155620005115
-0.1303270438818293
-0.11580674924371916
-0.09195889703917863
-0.06792121596660995
-0.04373200967838695
-0.019429863812505378
0.0049464153120653736
0.031018139999533803
0.07978413634819041
0.12821122777416638
0.16352719878706282
0.18720640767828514
0.21062814474559508
0.2337546288119142
0.2565485125759696
0.2789729429789132
0.30099162084681774
0.3225688597101189
0.34366964370246733
0.3642596844430076
0.3843054768077747
0.40377435349775775
0.4226345383131817
0.4408551980456863
0.4584064929023868
0.47525962537821415
0.4913868874955125
0.5045120454107994
0.5119678755277004
0.5192270736782532
0.5262866332284722
0.5331436259848071
0.5397952034058684
0.5462385977826368
0.5524711233866341
0.5584901775856126
0.5642932419262834
0.5698778831836254
0.5752417543763794
0.5803825957482391
0.5852982357144101
0.589986591773088
0.5944456713815056
0.598673572796175
0.602668485876986
0.6064286928548318
0.6099525690624291
0.613238583628053
0.6162853001318903
0.6190913772247431
0.6216555692088492
0.6239767265805433
0.6260537965345985
0.6278858234299909
0.6294719492169377
0.6308114138250348
0.6319035555123476
0.6327478111753044
0.6333437166193175
0.6336909067900088
0.6337891159649742
0.6336381779060493
0.6332380259720028
0.6325886931916964
0.6316903122976759
0.6305431157202438
0.6291474355420702
0.6275037034134041
0.625612450427993
0.6234743069598454
0.6210900024609909
0.6184603652204052
0.6155863220843474
0.6124688981383241
0.6091092163510108
0.6055084971804171
0.6016680581427013
0.5975893133440339
0.593273772976015
0.5887230427751586
0.583938823447099
0.5789229100561781
0.5736771913812563
0.5682036492386199
0.5625043577730895
0.5565814827185037
0.550437280629018
0.5440740980828814
0.5374943708606205
0.5307006231000033
0.523695466430495
0.5164815990905848
0.509061805032028
0.5014389530160254
0.4936159957632041
0.48559597215671746
0.47738202187047934
0.4689773971443515
0.4603854626233269
0.45160969215120517
0.4426536652177932
0.43352106355812164
0.4242156680194991
0.4147413556846468
0.40510209718277745
0.39530195409973434
0.3853450764003917
0.37523569979271043
0.3649781429855426
0.35457680481544596
0.3440361612373864
0.33336076218841365
0.3225552283420769
0.3116242477753521
0.30057257257054426
0.28940501537315244
0.2781264459241645
0.266741787582303
0.25525601384884355
0.24367414490502862
0.23200124416983156
0.2202424148840055
0.2084027967248516
0.19648756245497162
0.1845019146073751
0.17245108220861677
0.16034031754111494
0.1360701937941891
0.11151439489920176
0.08682470275940954
0.06204372584374387
0.03721405437925655
0.012378169090575113
-0.012421647471920842
-0.03714339702193324
-0.06174544904674199
-0.08618662173231915
-0.11042626029422273
-0.13442431269876226
-0.15814140275341396
-0.18153890053999408
-0.204578990158435
-0.22722473474268168
-0.24944013870261245
-0.27119020713570463
-0.292441002337419
-0.31315969731584514
-0.3333146261758243
-0.3528753311612908
-0.37181260598146804
-0.3900985346346641
-0.4077065235765107
-0.42461131689182485
-0.4407889107697513
-0.4562163059152773
-0.47087143369495976
-0.48115880772628666
-0.4878934533486491
-0.4944235787192042
-0.5007468078908722
-0.5068608342510971
-0.5127634218979248
-0.5184524069754933
-0.5239256989682818
-0.5291812819533644
-0.5342172158101226
-0.5390316373867987
-0.5436227616234176
-0.5479888826306742
-0.5521283747244551
-0.5560396934157582
-0.5597213763559044
-0.563172044236953
-0.5663904016474075
-0.5693752378833378
-0.5721254277150912
-0.5746399321099213
-0.5769177989108066
-0.5789581634718586
-0.5807602492506971
-0.5823233683581964
-0.5836469220660351
-0.5847304012724337
-0.5855733869264829
-0.5861755504114204
-0.5865366538871974
-0.586656550592643
-0.5865351851074929
-0.5861725935745206
-0.5855689038819606
-0.5847243358064076
-0.5837431524644682
-0.5837419679498239
