0.0
0.20023801551711615
0.40120561664577803
0.6020110322584293
0.8025730876939159
1.0028107066684568
1.202642944050145
1.4019890185807085
1.6007683455309611
1.7989005692768063
1.996305595782626
2.192903624978926
2.388615183021163
2.5833611544168593
2.7770628140070173
2.9696418587911007
3.1610204395804162
3.351121192468296
3.5398672701040903
3.7271823727583624
3.912990779166696
4.097217377139665
4.279787693926596
4.460627926320827
4.639664970494313
4.816826451549518
4.99204075277662
5.165237044604246
5.3363453132319965
5.5052963889331945
5.672021974016435
5.836454670434606
5.998528007030246
6.15817646640619
6.315335511410681
6.4699416112262185
6.621932267051589
6.771246037366727
6.9178225627701595
7.061602590379016
7.202527997781734
7.340541816533772
7.475588255186846
7.607612721842361
7.736561846219927
7.862383501232063
7.985026824056316
8.104442236696334
8.220581466023344
8.333397563290518
8.44284492311244
8.548879301899802
8.651457835745108
8.7505390577502
8.846082914789065
8.938050783699138
9.026405486894513
9.111111307394829
9.192134003263686
9.269440821450793
9.343000511032237
9.412783335843521
9.478761086500272
9.540907091801762
9.599196229512604
9.65360493651831
9.704111218350569
9.750694658078409
9.793336424561637
9.832019280063266
9.866727587217758
9.897447315352379
9.92416604615903
9.946872978714286
9.965558933845616
9.980216357842034
9.99083932550764
9.997423542556858
9.99996634735038
9.998466711971123
9.992925242639757
9.983344179469643
9.969727395561284
9.952080395436631
9.930410312813915
9.899193641660354
9.834252744363708
9.753411649265653
9.65680106171167
9.544577183448022
9.41692146007193
9.274040287667777
9.116164679100237
8.94354989051015
8.75647500861141
8.555242499458442
8.340177719413619
8.111628389105212
7.86996403122637
7.615575373084155
7.348873714864564
7.070290264634933
6.780275441158935
6.479298145651385
6.167845003650249
5.993067026441422
5.830912539590544
5.666400933297886
5.499598710619864
5.330573300583979
5.159393030930955
4.9861271004935475
4.8108455512232435
4.633619239876127
4.4545198093693665
4.273619659819887
4.090991919276965
3.9067104141605524
3.7208496394172834
3.5334847284062403
3.3446914225266386
3.1545460405997168
2.963125448017206
2.7705070256688504
2.5767686386615396
2.381988604842701
2.18624566314067
1.9896189417348429
1.7921879260684759
1.5940324267170634
1.3952325471252793
1.1958686512255325
0.9960213309512158
0.7957713736577922
0.5951997294648779
0.39438747853253137
0.19341579828497352
-0.007634069405011227
-0.20868085105773054
-0.40964327444099513
-0.6104401014240695
-0.8109901608177932
-1.0112123811876628
-1.2110258236265852
-1.4103497144740562
-1.6091034779685398
-1.8072067688198468
-2.0045795046883477
-2.2011418985578874
-2.396814490989319
-2.5915181822416136
-2.7851742642475648
-2.977704452431162
-3.1690309173537696
-3.359076316176313
-3.547763823924771
-3.735017164546309
-3.9207606417435263
-4.104919169574332
-4.28741830280509
-4.468184267004761
-4.647143988367876
-4.824225123254283
-4.99935608743373
-5.172466085023459
-5.343485137107114
-5.512344110023396
-5.6789747433130255
-5.8433096773127104
-6.0052824803849925
-6.16482767577292
-6.321880768068727
-6.476378269284009
-6.628257724518464
-6.77745773720583
-6.92391799393063
-7.067579288811073
-7.208383547432751
-7.346273850324962
-7.481194455970142
-7.613090823337098
-7.741909633929005
-7.867598813337113
-7.9901075522916285
-8.109386327201108
-8.225386920172138
-8.338062438501204
-8.447367333630849
-8.553257419562462
-8.655689890718259
-8.754623339245255
-8.850017771754185
-8.941834625486658
-9.03003678390396
-9.114588591691248
-9.19545586917105
-9.272605926120244
-9.346007574984922
-9.415631143487813
-9.48144848662318
-9.543432998034284
-9.60155962076891
-9.655804857408487
-9.706146779566847
-9.752565036754659
-9.795040864606012
-9.833557092463835
-9.868098150321053
-9.898650075114688
-9.92520051637036
-9.94773874119492
-9.96625563861516
-9.98074372326089
-9.991197138390861
-9.997611658260325
-9.999984689829276
-9.99831527381067
-9.992604085058218
-9.982853432293572
-9.969067257173043
-9.951251132694196
-9.929412260943003
-9.90355947018242
-9.873703211283614
-9.83985555350124
-9.802030179594496
-9.760242380295947
-9.714509048130303
-9.664848670585688
-9.61128132264019
-9.553828658646601
-9.492513903578779
-9.427361843643041
-9.358398816258461
-9.285652699410088
-9.209152900379399
-9.128930343856553
-9.0450174594392
-8.957448168522994
-8.866257870589017
-8.77148342889369
-8.673163155566995
-8.571336796124946
-8.466045513402682
-8.357331870914546
-8.245239815648006
-8.129814660298273
-8.011103064950863
-7.889153018219467
-7.76401381784679
-7.635736050776144
-7.504371572701923
-7.369973487107178
-7.232596123796776
-7.092295016934832
-6.9491268825952694
-6.803149595834635
-6.654422167296341
-6.5030047193559035
-6.348958461816752
-6.192345667166441
-6.03322964540329
-5.871674718443606
-5.70774619411986
-5.541510339780274
-5.373034355500562
-5.202386346918621
-5.029635297703123
-4.854851041667204
-4.678104234538444
-4.499466325396657
-4.3190095277908815
-4.136806790547419
-3.9529317682805947
-3.767458791618229
-3.580462837153811
-3.3920194971375905
-3.2022049489187117
-3.0110959241509057
-2.8187696777740645
-2.6253039567842884
-2.4307769688050236
-2.2352673504719838
-2.0388541356446845
-1.8416167234573235
-1.6436348462220796
-1.4449885371976856
-1.245758098236355
-1.0460240673221268
-0.8458671860137513
-0.6453683668053225
-0.44460866041772346
-0.24366922303428182
-0.04263128349375002
0.15842388954607792
0.3594150204608545
0.5602608595149384
0.7608802157062786
0.9611919895874645
1.161115206049814
1.3605690470571847
1.5594728843162922
1.7577463118703338
1.9553091786026906
2.1520816206376963
2.347984093625208
2.5429374048960467
2.7368627454752725
2.9296817219403435
3.1213163881113077
3.311689276560148
3.5007234299266847
3.6883424320282003
3.874470438750333
4.0590322087067126
4.24195313365494
4.423159268656636
4.602577361969305
4.780134884658065
4.955760059915101
5.129381892075113
5.30093019531499
5.4703356220261075
5.637529690847753
5.802444814350441
5.965014326357787
6.1251725088960125
6.282854618760135
6.437996913686099
6.590536678118309
6.740412248562071
6.887563038510812
7.031929562937879
7.173453462343082
7.312077526344258
7.4477457168043015
7.580403190484329
7.709996321213782
7.836472721568591
7.959781264048531
8.079872101745277
8.196696688492791
8.31020779849188
8.420359545401025
8.527107400885681
8.630408212618699
8.73022022172443
8.826503079659552
8.919217864523805
9.008327096793963
9.093794754474771
9.175586287660671
9.253668632502446
9.328010224573113
9.398581011627712
9.465352465751774
9.528297594893617
9.587390953775731
9.670448546435395
9.764986451843061
9.843736150444101
9.906570318300158
9.953387363993086
9.984111592876191
9.998693329460224
9.997108997729594
9.979361159260518
9.945478509079402
9.895515829268211
9.829553900391803
9.747699370890455
9.65008458464873
9.536867367019495
9.408230769649023
9.264382774515793
9.105555957661462
8.932007113157699
8.744016837916892
8.541889078017984
8.32595063728095
8.096550648884465
7.854060010881052
7.598870786522447
7.331395570364569
7.0520668211772195
6.761336162736908
6.4596736536333585
6.147567027270271
5.982761012225404
5.820453696122247
5.655793488516534
5.488846952536093
5.319681575546378
5.148365741869129
4.9749687051382
4.7995605603042035
4.6222122152989105
4.4429953623709935
4.261982449104879
4.079246649134022
3.8948618325609226
3.708902536095362
3.521443932923385
3.3325618023188444
3.142332499009925
2.9508329223132206
2.7581404850474005
2.564333082239574
2.369489059636449
2.1736871820335444
1.9770066014348366
1.7795268250558738
1.5813276831834735
1.3824892969045597
1.1830920457177223
0.9832165350400369
0.7829435636228206
0.582354090889057
0.3815292042058712
0.1805500861054597
-0.020502018532714175
-0.22154583532464572
-0.42250009323672466
-0.6232835574390508
-0.8238150621442918
-1.02401354341863
-1.22379807195136
-1.4230878857703293
-1.6218024228894516
-1.819861353875657
-2.0171846143215717
-2.2136924372112383
-2.409305385165614
-2.6039443825546424
-2.797530747463351
-2.9899862234985126
-3.1812330114235676
-3.371193800608489
-3.5597918002822935
-3.7469507705754115
-3.932595053339179
-4.116649602730434
-4.2990400155483135
-4.4796925613115395
-4.658534212063507
-4.835492671893551
-5.010496406162278
-5.183474670419006
-5.354357539000003
-5.523075933295508
-5.689561649674486
-5.853747387055673
-6.015566774113628
-6.1749543961091415
-6.33184582133274
-6.486177627151008
-6.637887425644805
-6.78691388882933
-6.933196773445717
-7.076676945314002
-7.217296403237949
-7.354998302451657
-7.489726977598896
-7.62142796523549
-7.75004802584594
-7.875535165365292
-7.99783865619742
-8.116909057721502
-8.232698236278086
-8.345159384626976
-8.454247040868776
-8.55991710682268
-8.66212686585299
-8.760835000137044
-8.856001607367842
-8.947588216884284
-9.035557805222835
-9.119874811084024
-9.200505149707967
-9.277416226652988
-9.350576950971732
-9.419957747779575
-9.499442898629878
-9.61736087960951
-9.719729337480118
-9.806382761066521
-9.877181047545356
-9.932009728965859
-9.97078015732371
-9.993429647888735
-9.99992158055472
-9.990245459047447
-9.964416927895272
-9.922477747134765
-9.864495724792322
-9.790564607250932
-9.700803927679312
-9.595358812768538
-9.47439974808856
-9.338122302444072
-9.18674681167531
-9.020518022415082
-8.83970469637801
-8.644599175821678
-8.435516910882413
-8.212795949549793
-7.9767963911045285
-7.727899803903439
-7.466508608452811
-7.193045426767694
-6.907952399068902
-6.611690468922754
-6.304738637979162
-6.062851901974127
-5.901743278096764
-5.738248901779082
-5.572434864866995
-5.404368196918447
-5.234116838107124
-5.061749611757839
-4.8873361965251165
-4.7109470982258825
-4.532653621337765
-4.352527840174693
-4.1706425697510685
-3.987071336346757
-3.8018883477843013
-3.6151684634308663
-3.4269871639366354
-3.237420520722059
-3.046545165226449
-2.8544382579299397
-2.661177457161857
-2.466840887707561
-2.271507109226981
-2.0752550844971864
-1.8781641474919966
-1.6803139713117097
-1.481784535975481
-1.2826560960899105
-1.083009148406348
-0.8829243992805762
-0.6824827320475878
-0.48176517432481714
-0.2808528652572248
-0.07982702271703128
0.12123108952809036
0.3222401946656591
0.5231190356940373
0.7237864082702512
0.924161193536525
1.1241623909120793
1.323709150837383
1.5227208074570742
1.7211169112288982
1.9188172614449417
2.11574193865245
2.31181133696095
2.5069461962224384
2.7010676340720736
2.8940971778158646
3.085956796153036
3.276568930719697
3.465856527441506
3.6537430676824734
3.8401525991771477
4.0250097667341045
4.208239842697797
4.389768757157001
4.569523127887118
4.747430290014651
4.923418325391687
5.097416091668371
5.269353251051992
5.439160298740607
5.606768591020076
5.772110373013018
5.9351188060683
6.095727994780367
6.253873013627044
6.409489933215489
6.562515846125258
6.712888892338384
6.860548284246036
7.005434331221539
7.147488463750143
7.28665325710537
7.422872454562796
7.556090990141491
7.686255010864213
7.813311898527271
7.937210290971105
8.057900102843293
8.175332545845231
8.28946014845467
8.400236775115783
8.507617644889278
8.611559349554916
8.712019871159024
8.808958599000125
8.902336346045551
8.992115364772705
9.078259362428243
9.160733515699294
9.239504484790634
9.314540426902102
9.385811009100955
9.45328742058376
9.56045216764501
9.67060210337247
9.765116434616857
9.843842348897047
9.906652560730185
9.953445517429149
9.98414556329476
9.998703061937311
9.997094476529556
9.979322407861492
9.945415590135351
9.895428844507622
9.829442990453213
9.747564715095056
9.649926400710452
9.53668591069299
9.408026334316165
9.264155690711334
9.1053065925386
8.931735869894469
8.743724155064319
8.541575428791
8.3256165287933
8.096196621328799
7.853686636655539
7.5984786693052815
7.330985344137952
7.051639149202349
6.7608917364815735
6.487564365790968
6.3332560433943
6.1763875315165375
6.017022243528523
5.855224602111258
5.691060013213431
5.524594839611248
5.35589637408171
5.185032812199697
5.012073224770326
4.837087529907352
4.660146464769051
4.481321556963152
4.300685095632018
4.11831010223021
3.93427030100578
3.7486400891976945
3.5614945069578607
3.3729092070131452
3.1829604241119727
2.991724944171869
2.7992800732516434
2.605703606300815
2.41107379571142
2.2154693196847415
2.0189692504260757
1.821653022180128
1.6236003991201522
1.4248914431035504
1.2256064813072882
1.0258260737560585
0.8256309807561573
0.6251021302485564
0.42432058509421067
0.22336751030466467
0.02232414023152503
-0.17872825427209726
-0.37970839870506023
-0.5805350477729788
-0.7811270182312069
-0.9814032217028944
-1.1812826974585184
-1.3806846451439194
-1.5795284574433996
-1.7777337526649641
-1.9752204072341955
-2.171908588083786
-2.3677187849257892
-2.562571842393238
-2.7563889920382794
-2.949091884174078
-3.1406026195471632
-3.3308437808280407
-3.5197384639065756
-3.7072103089802217
-3.8931835314222205
-4.077582952416984
-4.260334029350888
-4.441362885945869
-4.620596342123383
-4.797961943587202
-4.973387991112831
-5.1468035695313885
-5.318138576396847
-5.487323750324695
-5.654290698990333
-5.818971926776587
-5.981300862058299
-6.141211884113677
-6.298640349651265
-6.453522618941521
-6.60579608154296
-6.755399181612232
-6.90227144278761
-7.046353492636373
-7.187587086655908
-7.325915131818625
-7.461281709651631
-7.5936320988415895
-7.722912797355404
-7.849071544068246
-7.972057339889944
-8.091820468380988
-8.208312515850242
-8.321486390926013
-8.431296343592404
-8.537697983683602
-8.640648298828452
-8.740105671837906
-8.836029897528624
-8.928382198975791
-9.01712524318841
-9.102223156201037
-9.18364153757571
-9.261347474308083
-9.335309554132396
-9.405497878219778
-9.472335311845406
-9.593541558452928
-9.699236793460923
-9.789250126900722
-9.863436023585903
-9.921674538416228
-9.963871510307008
-9.989958714430482
-9.99989397252294
-9.993661221079309
-9.971270537324909
-9.932758122922426
-9.878186245440396
-9.80764313767789
-9.721242855008096
-9.61912509097157
-9.501454951417172
-9.368422687555908
-9.220243388359409
-9.05715663280009
-8.879426102495641
-8.687339155383691
-8.481206361116419
-8.26136099892586
-8.028158518771953
-7.781975966644765
-7.52321137494953
-7.252283118960834
-6.969629240385716
-6.675706739130076
-6.370990834412888
-6.096853611547768
-5.936261599554063
-5.7732698812477405
-5.60794434527756
-5.440351823727201
-5.27056006509887
-5.098637706926202
-4.924654248027756
-4.748680020412622
-4.570786160848946
-4.391044582107119
-4.209527943889567
-4.0263096234583005
-3.8414636859724065
-3.6550648545477378
-3.467188480050345
-3.2779105106361377
-3.087307461049391
-2.8954563816919157
-2.702434827475686
-2.508320826471831
-2.3131928483680433
-2.117129772747469
-1.9202108572022403
-1.7225157052936844
-1.5241242343731947
-1.3251166432759076
-1.1255733799005871
-0.9255751086891452
-0.7252026780183084
-0.5245370875169293
-0.3236594553224731
-0.12265098528927952
0.07840706583782686
0.2794334212709869
0.4803468170351791
0.6810660348189128
0.8815099348061415
1.0815974884767656
1.2812478113621433
1.4803801957420504
1.6789141432705095
1.87676939751698
2.0738659764094374
2.270124204566864
2.4654647455077545
2.659808633721315
2.853077306589012
3.0451926361432458
3.236076960650019
3.425653116003435
3.6138444669190317
3.800574937913038
3.9857690440556413
4.169351921485516
4.351249357672965
4.531387821420254
4.709694492586028
4.886097291522619
5.060524908214001
5.232906831102346
5.403173375592093
5.571255712219708
5.737085894477504
5.900596886280783
6.06172258906696
6.2203978685154215
6.3765585808778615
6.53014159890818
6.6810848373812135
6.829327278190482
6.974808995014559
7.117471177541846
7.257256155244455
7.394107420691325
7.527969652390935
7.658788737154845
7.786511791972767
7.911087185390141
8.032464558379973
8.150594844700317
8.265430290728933
8.376924474767547
8.485032325807659
8.589710141750164
8.690915607071805
8.788607809931056
8.882747258706438
8.973295897960954
9.060217123825712
9.143475798796908
9.223038265940065
9.298872362495581
9.370947432880438
9.43923434108061
9.534986854882536
9.648445019102049
9.746303402813282
9.8284037868106
9.894613429707421
9.944825282554971
9.987074584622528
9.995626743652968
9.964990780237903
9.923324987538383
9.865614983423317
9.791954074471686
9.702461356974087
9.597281524375648
9.476584633333095
9.340565828764017
9.189445028333093
9.023466566885203
8.84289880140039
8.648033677109531
8.43918625547189
8.216694204778175
7.980917254202201
7.73223661218437
7.471054350086927
7.197792752117626
6.992231200425066
6.847087717004937
6.69917633002429
6.548556831977655
6.395290110100861
6.23943812175781
6.08106386939443
5.920231375070134
5.75700565457737
5.591452691159202
5.423639408835804
5.253633645350907
5.081504124748616
4.907320429591945
4.731152972834568
4.553072969356618
4.373152407176303
4.191464018349275
4.008081249566937
3.82307823246586
3.6365297536606063
3.448511224511488
3.259098650639775
3.0683686012029727
2.876398177941994
2.683264984013035
2.4890470926170964
2.2938230154389796
2.0976716709095387
1.900672352303171
1.7029046956837692
1.5044486477124215
1.3053844333292377
1.1057925233226842
0.9057536017998481
0.7053485335701569
0.5046583314560453
0.3037641235441095
0.10274712038934597
-0.0983114178139456
-0.2993302140810077
-0.500228007492577
-0.7009235860443414
-0.9013358194763049
-1.1013836920694267
-1.3009863353959568
-1.5000630610099122
-1.6985333930651147
-1.8963171008472846
-2.093334231206725
-2.28950514087912
-2.484750528681059
-2.678991467566964
-2.8721494365350915
-3.0641463523693817
-3.254904601204036
-3.444347069898666
-3.6323971772110224
-3.8189789047543767
-4.004016827727865
-4.18743614540639
-4.369162711378558
-4.549123063520131
-4.727244453690547
-4.903454877141125
-5.077683101622739
-5.24985869618094
-5.419912059627441
-5.587774448676161
-5.7533780057322
-5.916655786323057
-6.0775417861606975
-6.2359709678233175
-6.391879287046505
-6.5452037186129175
-6.695882281829776
-6.843854065584349
-6.989059252967072
-7.131439145452098
-7.270936186625981
-7.407493985454671
-7.541057339079174
-7.671572255131127
-7.7989859735590406
-7.923246987956155
-8.04430506638175
-8.162111271667223
-8.276617981198584
-8.38777890616782
-8.495549110284811
-8.599885027942667
-8.70074448182898
-8.798086699975698
-8.89187233224106
-8.982063466216758
-9.068623642553757
-9.151517869700855
-9.230712638049924
-9.3061759334819
-9.377877250308405
-9.445787603603558
-9.546909966223678
-9.658831523597192
-9.755136507374008
-9.8356692099136
-9.90029942448515
-9.948922655788175
-9.981460288902396
-9.997859716393787
-9.99809442337121
-9.982164030356175
-9.950094293896388
-9.90193706492211
-9.837770204912605
-9.757697460008325
-9.66184829327226
-9.550377675371692
-9.423465834018872
-9.28131796257551
-9.12416388829254
-8.952257700721141
-8.765877340896264
-8.565324151956492
-8.350922391926941
-8.123018709453152
-7.881981583333122
-7.628200726754293
-7.362086457198038
-7.084069033031087
-6.7945979578559506
-6.494141253745283
-6.183184704535508
-6.000790024638371
-5.838750335922107
-5.674350359370793
-5.50765655291508
-5.338736301755754
-5.167657891123487
-4.994490478675042
-4.819304066536502
-4.642169473005156
-4.463158303921705
-4.282342923723844
-4.099796426193179
-3.915592604907621
-3.72980592341042
-3.5425114851088475
-3.353785002913895
-3.163702768633579
-2.9723416221325287
-2.7797789202697287
-2.5860925056272626
-2.3913606750430128
-2.1956621479594243
-1.9990760346014302
-1.8016818039967162
-1.60355925185063
-1.404788468289031
-1.2054498054824367
-1.0056238451639252
-0.805391366054235
-0.604833311207553
-0.4040307552905534
-0.20306487180823105
-0.002016900290100706
0.1990318865506137
0.4000002156712046
0.600806846553519
0.8013706040451698
1.0016104111743216
1.201445321924469
1.4007945539565971
1.5995775212651733
1.7977138667544559
1.9951234947225858
2.191726603240007
2.387443716408785
2.582195716490646
2.7759038758897203
2.968489888977907
3.159875903749669
3.3499845532931367
3.538738987065433
3.726062901959246
3.9118805731478083
4.096116884696409
4.278697359927758
4.459548191528649
4.638596271386314
4.815769220142144
4.990995416450515
5.164204025931478
5.3353250298053325
5.5042892531971965
5.671028393100733
5.835475045989408
5.997562735063879
6.157225937125022
6.314400109061468
6.469021713940684
6.621028246693571
6.770358259381935
6.916951386038365
7.060748367068973
7.201691073208901
7.339722529020614
7.47478693592617
7.606829694763356
7.735797427857225
7.861638000597845
7.9843005425153315
8.103735467844071
8.219894495567605
8.33273066893587
8.442198374447326
8.548253360288044
8.650852754220193
8.749955080913004
8.84552027870902
8.937509715818747
9.025886205937413
9.110614023277423
9.191658917010233
9.268988125112152
9.342570387608266
9.412375959209067
9.48527590131648
9.604924017009903
9.709042717738823
9.797463662503718
9.870043890721012
9.92666605336428
9.967238602696305
9.999966347358216
9.969727395327132
9.92337468051003
9.865680678216247
9.792035664869376
9.702558711059705
9.597394484745344
9.476713017350502
9.340709428855533
9.189603612323502
9.023639878373015
8.843086560172468
8.648235579594095
8.439401975229346
8.216923393028921
7.981159540390522
7.732491604577595
7.471321636408696
7.1980719002145985
7.0307947675673255
6.886405911705441
6.739233258084571
6.5893363005697
6.4367756343129825
6.281612931258604
6.123910915212099
5.963733336484458
5.801144946121525
5.636211469728604
5.468999580901103
5.299576874272213
5.128011838187999
4.95437382702122
4.778733033135316
4.601160458509391
4.4217278860358835
4.240507850502864
4.0575736092720796
3.872999112664913
3.6868589740685294
3.4992284397735007
3.3101833585560696
3.1198001510165345
2.9281557786864743
2.735327712917604
2.5413939035642423
2.3464327474723383
2.150523056788112
1.9537440270985105
1.7561752054166506
1.5578964580255161
1.3589879381922767
1.1595300537665962
0.9596034346763407
0.7592889003331982
0.5586674269616984
0.3578201148651605
0.1568281556411648
-0.04422720063988231
-0.2452646782795008
-0.4462030088065687
-0.6469609638298325
-0.8474573878738958
-1.0476112311860521
-1.2473415825003782
-1.446567701745527
-1.6452090526836356
-1.8431853354668308
-2.040416519097863
-2.2368228737823697
-2.432325003159382
-2.6268438763966944
-2.820300860138987
-3.0126177502947593
-3.203716803650071
-3.393520769295983
-3.5819529198566737
-3.76893708250623
-3.954397669761259
-4.138259710036578
-4.3204488779522325
-4.500891524379286
-4.6795147062119415
-4.856246215854556
-5.0310146104113205
-5.203749240566532
-5.374380279144343
-5.542838749336174
-5.709056552584078
-5.872966496109369
-6.0345023200750685
-6.193598724370972
-6.350191395011003
-6.504217030131923
-6.655613365582655
-6.804319200094361
-6.95027442002085
-7.093420023639086
-7.233698145000439
-7.3710520773228
-7.505426295913869
-7.63676648061694
-7.765019537769412
-7.890133621665729
-8.012058155515833
-8.130743851890461
-8.246142732645428
-8.358208148316637
-8.466894796977776
-8.572158742553489
-8.673957432580368
-8.772249715408492
-8.866995856836846
-8.958157556175735
-9.045697961729553
-9.129581685693983
-9.20977481846137
-9.286244942328452
-9.35896114460111
-9.427894030090714
-9.51416039206999
-9.630252965371234
-9.730775171405904
-9.815564484052189
-9.88448381441502
-9.937421732473894
-9.974292647244905
-9.995036945165824
-9.999621086480378
-9.988037659465933
-9.9603053924169
-9.916469123364504
-9.856599727581814
-9.78079400299136
-9.68917451366045
-9.581889391637429
-9.459112097449026
-9.321041139646315
-9.16789975385246
-8.999935541831285
-8.817420071160345
-8.620648436155454
-8.409938780756942
-8.185631784148748
-7.948090109942082
-7.697697819814474
-7.434859752551738
-7.160000869497473
-6.873565567467689
-6.691260923648641
-6.5404995851624195
-6.38709427995082
-6.231107021399421
-6.072600866636502
-5.911639891042414
-5.7482891623475645
-5.582614714329005
-5.414683520116498
-5.244563465119109
-5.072323319582761
-4.898032710790085
-4.721762094914098
-4.54358272853653
-4.363566639842582
-4.181786599504058
-3.998316091262061
-3.8132292822214318
-3.626600992869271
-3.438506666828836
-3.249022340362039
-3.0582246116320406
-2.866190609738694
-2.6729979635396655
-2.4787247702692268
-2.2834495639677055
-2.087251283734669
-1.8902092418180554
-1.6924030915524582
-1.4939127951598437
-1.2948185914250878
-1.095200963259714
-0.8951406051672557
-0.6947183906227751
-0.49401533938002534
-0.2931125847198031
-0.09209134065208872
0.10896713091444883
0.30998155302198965
0.5108706665195041
0.7115532629114951
0.9119482171859451
1.1119745206088325
1.311551313471645
1.51059791777833
1.7090338698591079
1.9067789528976455
2.10375322935812
2.299877073299706
2.4950712025650956
2.6892567108297056
2.8823550994994656
3.0742883094432742
3.2649787525481457
3.454349343083944
3.642323528864733
3.828825322194746
4.013779330586157
4.197110787235946
4.378745581250141
4.558610287602888
4.736632196817995
4.912739344361498
5.0868605397330775
5.25892539524431
5.428864354472653
5.596608720379375
5.7620906830799745
5.925243347255816
6.0860007591966
6.24429793346167
6.400070879149908
6.553256625768102
6.703793248686299
6.851619894170401
6.996676803982317
7.138905339536797
7.278248005605663
7.414648473560286
7.548051604142021
7.6784034697518635
7.805651376250706
7.929743884260568
8.050630829958585
8.168263345355776
8.28259387805156
8.393576210456482
8.501165478475697
8.60531818964495
8.705992240712103
8.803146934657388
8.896742997144889
8.986742592398901
9.073109338499082
9.155808322087559
9.234806112482415
9.310070775192063
9.381571884824517
9.449280537386661
9.553230875882544
9.664329074699237
9.759801811376484
9.839494723865876
9.903278963224363
9.951051401939456
9.992541619231982
9.991265010324236
9.937512934892363
9.884607574553137
9.815720601809623
9.730963394365947
9.630472989208933
9.514411861044193
9.382967659604017
9.236352906252002
9.074804650374627
8.898584086115415
8.707976130071675
8.503288960636132
8.2848535197284
8.053022977722312
7.808172162433571
7.550696953091217
7.281013640273181
6.999558252840028
6.848845961248182
6.7009674367966054
6.550380077232326
6.3971447567995
6.241323420168064
6.082979057393048
5.922175678451303
5.758978287365436
5.593452855926392
5.4256662970248435
5.255686437601615
5.0835819912291225
4.909422530334423
4.7332784580745075
4.555220979876341
4.375322074652582
4.19365446570406
4.010291591321914
3.8253075751006875
3.63877719597383
3.4507758579848415
3.2613795598057442
3.0706648640145713
2.878708866145492
2.685589163523509
2.4913838238956885
2.296171353872836
2.1000306671937716
1.9030410528244022
1.7052821429057266
1.5068338805631245
1.3077764875892972
1.108190432015257
0.9081563955813586
0.7077552411223607
0.5070679798785743
0.3061757387476559
0.10515972748964642
-0.09589879410212412
-0.29691854904972
-0.49781827604622897
-0.6985167623056965
-0.8989328763928052
-1.0989856010196712
-1.2985940657971329
-1.4976775799260176
-1.696155664815816
-1.8939480866182012
-2.0909748886609787
-2.2871564237699946
-2.4824133864665545
-2.6766668450260873
-2.869838273385725
-3.0618495828885117
-3.2526231538501764
-3.4420818669363307
-3.6301491343380055
-3.8167489307317166
-4.0018058240121555
-4.185245005785662
-4.366992321610973
-4.5469743009756245
-4.725118186996446
-4.901351965831005
-5.075604395788684
-5.247805036130177
-5.417884275542642
-5.585773360279579
-5.751404421954573
-5.914710504976588
-6.075625593616295
-6.234084638692961
-6.390023583870108
-6.5433793915498315
-6.6940900683557825
-6.842094690193541
-6.98733342687874
-7.129747566323461
-7.269279538270159
-7.4058729375640295
-7.539472546954831
-7.670024359418043
-7.797475599986834
-7.921774747086362
-8.042871553361001
-8.160717065986468
-8.275263646459043
-8.386464989853074
-8.49427614353942
-8.59865352535757
-8.699554941233423
-8.796939602235932
-8.890768141066063
-8.981002627970724
-9.06760658607561
-9.150545006130995
-9.229784360663936
-9.305292617531654
-9.377039252870278
-9.44499526343413
-9.545472797080995
-9.657580704569531
-9.75407406080557
-9.834796853584532
-9.899618568834272
-9.94843440163251
-9.98116542565737
-9.9977587207969
-9.998187458711232
-9.982450946209148
-9.950574626368834
-9.902610037401065
-9.838634729321289
-9.758752138565322
-9.663091420751515
-9.55180724185958
-9.425079528163778
-9.283113175324969
-9.126137717111561
-8.95440695428506
-8.768198544250605
-8.567813552135217
-8.353575964020461
-8.125832163115817
-7.884950369719892
-7.631320045875432
-7.36535126567992
-7.087474052270215
-6.798137682553634
-6.61395282240631
-6.461822161795222
-6.307079339443565
-6.149786909421956
-5.990008456468129
-5.827808570283263
-5.663252819421563
-5.496407724784632
-5.327340732730892
-5.15612018781035
-4.982815305136801
-4.807496142408126
-4.630233571585424
-4.451099250243534
-4.270165592603973
-4.087505740261459
-3.903193532616998
-3.717303477028522
-3.5299107186919003
-3.341091010263446
-3.150920681237448
-2.9594766070905316
-2.7668361782046964
-2.5730772685828156
-2.378278204368635
-2.1825177321833804
-1.9858749872930064
-1.7884294616183376
-1.5902609716004126
-1.3914496259352624
-1.192075793190553
-0.9922200693165418
-0.791963245065747
-0.5913862733338725
-0.3905702364345495
-0.18959631332239768
0.0114542532229785
0.21250018943943394
0.4134602234366126
0.6142531180495205
0.8147977036787003
1.0150129111024533
1.2148178042484852
1.4141316129123649
1.6128737654082923
1.81096392113962
2.0083220030765903
2.204868230126891
2.400523149386589
2.595207668259012
2.7888430864273586
2.981351127668732
3.172653971497353
3.362674284622926
3.5513352522120583
3.7385606089407117
3.9242746698239017
4.108402360810803
4.2908692491334905
4.471601573395832
4.650526273391011
4.827571019636157
5.0026642426110115
5.17573516168939
5.346713813752297
5.515531081470005
5.682118721242241
5.8464093907856975
6.008336676356665
6.167835119598308
6.3248402440022495
6.479288580972723
6.631117695483301
6.780266211316292
6.9266738358736255
7.070281384549709
7.211030804656833
7.348865198892549
7.48372884834
7.6155672349923185
7.744327063791097
7.869956284170746
7.992404111099533
8.111621045609454
8.227558894805822
8.34017079134892
8.44941121240013
8.555235998024221
8.657602369040676
8.756468944317218
8.851795757497813
8.943544273158787
9.03167740238681
9.116159517771791
9.19695646780903
9.274035590704967
9.347365727580478
9.416917235066629
9.493773944888714
9.61238735835659
9.715459289991955
9.802823091230522
9.874337510697446
9.929886922585151
9.969882549718
9.999960964115305
9.965393048020895
9.897391659167525
9.831948168305708
9.750608205720567
9.653503283335603
9.540790402146563
9.412651798379487
9.269294648847847
9.11095073598523
8.937876073095467
8.750350490425609
8.548677182731229
8.333182219065836
8.104214015586457
7.862142772227939
7.607359874157249
7.34027725897474
7.061326750685831
6.802560116902214
6.653821807633047
6.502393721653901
6.348337073068537
6.191714138565163
6.0325882322410465
5.871023680008235
5.707085793590291
5.540840844119975
5.3723560353496245
5.201699476484519
5.0289401546497015
4.85414790700242
4.677393392500974
4.498748063340782
4.318284136070346
4.13607456239824
3.952192999702335
3.766713781254335
3.5797118861710944
3.391262909104262
3.2014430296816876
3.010328981712363
2.8179980221667336
2.62452789994612
2.429996824453297
2.2344834339762882
2.038066763899479
1.840826214753787
1.6428415201196456
1.4441927143946518
1.244960100440241
1.0452242171198387
0.8450658067409738
0.6445657824157845
0.44380519535248125
0.2428652020903439
0.041827031692778856
-0.15922804708894112
-0.36021875866862035
-0.5610638534802068
-0.7616821408223413
-0.9619925216797482
-1.1619140215069255
-1.3613658229615175
-1.5602672985747768
-1.758538043344633
-1.9560979072388336
-2.1528670275956445
-2.34876586140775
-2.5437152174769406
-2.7376362884272036
-2.9304506825620305
-3.122080455553695
-3.3124481419522995
-3.5014767865006142
-3.6890899752426876
-3.875211866414237
-4.059767221101127
-4.242681433654159
-4.423880561848453
-4.60329135677405
-4.78084129244626
-4.956458595124335
-5.13007227232548
-5.3016121415230515
-5.471008858517892
-5.638193945470212
-5.803099818581268
-5.965659815414152
-6.125808221841599
-6.283480298610444
-6.438612307512517
-6.59114153715033
-6.741006328287728
-6.888146098775664
-7.0325013680420865
-7.1740137811365425
-7.312626132320198
-7.44828238819084
-7.580927710333975
-7.710508477491295
-7.8369723072366835
-7.960268077151423
-8.080345945490478
-8.197157371330645
-8.310655134192878
-8.420793353131202
-8.527527505279735
-8.630814443850749
-8.730612415576788
-8.826881077589071
-8.919581513725994
-9.008676250264667
-9.0941292710697
-9.175906032152447
-9.253973475635178
-9.32830004311474
-9.398855688419815
-9.465611889756861
-9.582460920344214
-9.689668611075108
-9.781209870245567
-9.856936692291212
-9.916726640715744
-9.96048304604855
-9.988135162141662
-9.99963828055336
-9.994973802833632
-9.974149270594467
-9.937198353316445
-9.884180793911298
-9.815182312128515
-9.730314465962094
-9.629714471281506
-9.513544979978684
-9.381993816989464
-9.235273676614744
-9.073621778632646
-8.897299484757204
-8.706591876063928
-8.501807292065743
-8.283276832184004
-8.051353820420822
-7.806413234098676
-7.548851097590167
-7.279083842018509
-6.997547631964425
-6.704697660267231
-6.479144985798536
-6.3246942221535765
-6.1676867301038065
-6.008185979202101
-5.846256446889701
-5.681963592431672
-5.515373830454972
-5.3465545041007925
-5.175573857801606
-5.002501009693299
-4.827405923674669
-4.650359381125026
-4.471432952290776
-4.290698967353731
-4.108230487191836
-3.924101273844905
-3.738385760696275
-3.5511590223836444
-3.3624967444506937
-3.172475192751165
-2.981171182618934
-2.7886620478159734
-2.59502560927013
-2.4003401436165777
-2.2046843515550556
-2.008137326035063
-1.810778520283102
-1.612687715684293
-1.413944989530695
-1.2146306826506434
-1.0148253669315512
-0.8146098127486732
-0.6140649563142664
-0.41327186695971413
-0.2123117143631973
-0.01126573573744005
0.18978479700984474
0.39075861013017477
0.5915744608886222
0.792151170405601
0.9924076564734794
1.1922629663334745
1.391636309400219
1.590447089921407
1.7886149395580384
1.9860597498727437
2.1827017047136663
2.3784613124795624
2.573259438253709
2.767017335794239
2.9596566793667423
3.1510995954068735
3.341268694000793
3.5300871001694727
3.717478484944856
3.903367096225887
4.0876777894007486
4.270336057723527
4.4512680624336145
4.630400662604486
4.807661444710395
4.982978751899587
5.156281712961055
5.32750027097372
5.496565211626985
5.663408191200113
5.827961764189689
5.990159410574499
6.149935562705772
6.307225631812424
6.46196603411111
6.614094216509509
6.763548681892954
6.9102690139846885
7.0541959017686455
7.195271163465755
7.3334377700534645
7.468639868319756
7.600822803441391
7.729933141077737
7.855918688971637
7.978728518047735
8.0983129830002
8.214623742361875
8.32761377804594
8.437237414352666
8.543450336433823
8.646209608206641
8.745473689710417
8.841202453899061
8.933357202862169
9.021900683468369
9.106797102424935
9.18801214074694
9.265512967630489
9.339268253724569
9.40924818379572
9.479401561308933
9.599759566604995
9.704596506910807
9.793742879964068
9.86705455229557
9.924412992266818
9.965725461714063
9.999801936951414
9.972535624162123
9.900471044702007
9.83588920579696
9.755404523227844
9.659147126085943
9.547272645072907
9.41996196087415
9.277420911707793
9.119879960521661
8.947593822376534
8.760841052618387
8.559923596504987
8.345166301015233
8.116916389630921
7.875542900939246
7.621436091964803
7.355006807194857
7.076685814318395
6.801086243450244
6.65232073689703
6.500866060434692
6.34678343891623
6.190135159529129
6.030984546616204
5.869395936077201
5.705434649360967
5.539166967059785
5.370660102115632
5.199982172649895
5.027202174426584
4.852389952961281
4.675616175286608
4.496952301385034
4.316470555301685
4.134243895948309
3.9503459876095848
3.7648511701648673
3.5778344290368325
3.3893713648785733
3.199538163012583
3.008411562633389
2.816068825785689
2.6225877061317253
2.428046417519933
2.232523602366943
2.036098299866952
1.8388499140407042
1.6408581816363648
1.4422031398965174
1.2429650942036883
1.043224585616847
0.8430623583132644
0.6425593269482655
0.4417965439454301
0.2408551667317364
0.03981642493025985
-0.1612384124769525
-0.36222807000127943
-0.563071298502553
-0.7636869080340741
-0.96399380066306
-1.163911003253896
-1.3633577002015764
-1.5622532661008277
-1.7605172983383424
-1.9580696495955894
-2.1548304602477817
-2.3507201906465567
-2.5456596532739244
-2.7395700447532496
-2.932372977704945
-3.123990512434621
-3.3143451884396384
-3.503360055721958
-3.690958705895226
-3.877065303072307
-4.061604614521395
-4.244502041078894
-4.425683647305582
-4.605076191374485
-4.782607154678926
-4.95820477114765
-5.131798056255733
-5.3033168357201275
-5.472691773867101
-5.639854401660685
-5.804737144381323
-5.967273348942462
-6.127397310834577
-6.285044300686269
-6.4401505904305765
-6.5926534790668665
-6.74249131800721
-6.8896035359978605
-7.033930663604738
-7.1754143572535245
-7.313997422815089
-7.449623838725795
-7.582238778633816
-7.711788633562725
-7.838221033582524
-7.961484868979822
-8.081530310918962
-8.198308831584965
-8.31177322380055
-8.421877620109669
-8.528577511319082
-8.63182976449089
-8.731592640379043
-8.827825810302132
-8.92049037244596
-9.009548867589636
-9.094965294248182
-9.176705123225876
-9.25473531157471
-9.329024315951745
-9.399542105370294
-9.466260173339961
-9.583609999014604
-9.690661841282942
-9.782045646118288
-9.857613662531232
-9.917243710785346
-9.960839379939493
-9.98833018372685
-9.999671674518371
-9.994845515186498
-9.97385950875298
-9.936747585772785
-9.883569749474605
-9.814411978746481
-9.729386089123654
-9.628629552003169
-9.512305272377555
-9.3806013254472
-9.233730652536922
-9.071930716808492
-8.895463119326047
-8.704613176094693
-8.499689456756318
-8.281023285688798
-8.048968206314674
-7.803899409485602
-7.546213126867246
-7.27632599030464
-6.994674358204119
-6.7017136100214465
-6.458906189388342
-6.30411433810743
-6.146774077744653
-5.986949012372937
-5.824703750536316
-5.66010387913189
-5.493215936896791
-5.324107387510385
-5.152846592322035
-4.979502782716524
-4.804146032127763
-4.626847227711571
-4.4476780416900485
-4.266710902378602
-4.084018964906756
-3.8996760816457163
-3.71375677235409
-3.526336194053224
-3.3374901106455876
-3.147294862287434
-2.9558273345289128
-2.7631649272330376
-2.569385523287353
-2.37456745712034
-2.1787894830346763
-1.9821307433713786
-1.7846707365170846
-1.5864892847667822
-1.3876665020562238
-1.1882827615764473
-0.9884186632828666
-0.7881550013133204
-0.5875727313276289
-0.38675293778121744
-0.18577680114731324
0.015274434899673311
0.21631949632695424
0.417277111597803
0.6180660445249845
0.8186051271105345
1.0188132923573343
1.2186096070398573
1.4179133044214765
1.6166438169038306
1.8147208085956938
2.012064207788811
2.208594239326302
2.404231456851193
2.5988967749226575
2.7925115009857286
2.9849973671821988
3.176276561990447
3.3662717616801836
3.5549061615700084
3.742103507075753
3.9277881245358377
4.111884951801808
4.294319568582252
4.475018226526663
4.653907879037675
4.830916210800203
5.005971667014373
5.179003482321038
5.349941709408727
5.518717247289317
5.685261869231628
5.849508250342115
6.011389994780459
6.1708416625996225
6.32779879619997
6.4821979463858
6.633976698014213
6.7830736952264825
6.9294286662507005
7.072982447766222
7.213677008820463
7.351455474287496
7.4862621478594065
7.618042534561566
7.746743362781817
7.8723126058051545
7.994699502845544
8.113854579565562
8.229729668076255
8.342277926408613
8.451453857449476
8.5572133273334
8.659513583283454
8.758313270894073
8.853572450848247
8.945252615062731
9.033316702254943
9.11772911292472
9.19845572374517
9.275463901357032
9.34872251556049
9.418201951899324
9.496171300160492
9.61449113332644
9.717266083238451
9.804329981497613
9.875542061617693
9.93078718661884
9.97105596994314
9.999906592864605
9.964111236785909
9.893856957346852
9.827440489770607
9.745134838567267
9.647073077003165
9.53341375310895
9.404340633336384
9.260062405441246
9.100812341073372
8.926847918618744
8.738450406903688
8.53592441043453
8.319597376907435
8.089819067784912
7.8469609927953945
7.591415809269478
7.323596687284292
7.043936641642924
6.791056633559174
6.6421063453527465
6.490471016357762
6.336211944455173
6.179391488161717
6.020073041421927
5.858321007981599
5.69420077535253
5.5277786883800974
5.3591220224238265
5.188298956161297
5.015378544027394
4.840430688299558
4.6635261108397525
4.4847363245056515
4.30413360424209
4.12179095786388
3.9377820965429153
3.752181405010978
3.5650639114896587
3.3765052573607384
3.186581666588713
2.995369914907209
2.8029472987830095
2.6093916041691863
2.414781075060757
2.2191943818645026
2.022710589597025
1.8254091259232847
1.6273697490479226
1.4286725154735793
1.2293977476386353
1.029626001446816
0.8294380337030494
0.6289147694681152
0.42813726934463714
0.22718669670892117
0.02614428490124973
-0.1749086956127471
-0.3758909700950886
-0.5767212923901675
-0.7773184777685587
-0.9776014357453582
-1.177489202860424
-1.376900975407906
-1.5757561421005564
-1.7739743166562618
-1.9714753702942462
-2.1681794641265486
-2.364007081432318
-2.5588790598024964
-2.7527166231406457
-2.9454414135076195
-3.136975522797807
-3.327241524232916
-3.5161625036611937
-3.703662090650016
-3.8896644893580836
-4.074094509175338
-4.256877595118821
-4.437939857970977
-4.617208104148837
-4.794609865292574
-4.970073427560307
-5.143527860617905
-5.314903046312621
-5.484129707017836
-5.651139433638054
-5.815864713263314
-5.978238956460786
-6.138196524193083
-6.295672754352873
-6.450603987902067
-6.602927594605524
-6.752581998349373
-6.899506702032694
-7.043642312023044
-7.184930562166371
-7.323314337340675
-7.458737696544392
-7.591145895510576
-7.720485408836867
-7.846703951622752
-7.969750500605773
-8.089575314787258
-8.206129955539978
-8.319367306189072
-8.429241591058998
-8.535708393977998
-8.638724676233041
-8.738248793968227
-8.834240515019026
-8.926661035175833
-9.015472993870603
-9.100640489279575
-9.182129092836337
-9.259905863149596
-9.33393935931948
-9.404199653647314
-9.470658343733906
-9.591382619307785
-9.69737423519267
-9.787686960924603
-9.862174777254298
-9.92071725093232
-9.963219729427802
-9.989613493964377
-9.999855870625895
-9.993930299352419
-9.971846360714817
-9.933639760424722
-9.879372271604902
-9.809131634913319
-9.723031416682518
-9.621210825303425
-9.5038344861508
-9.371092175413926
-9.223198513262934
-9.060392616847189
-8.882937713686278
-8.691120716078903
-8.485251757218055
-8.265663689761993
-8.032711547671896
-7.786771972186775
-7.528242602862991
-7.2575414346632785
-6.9751061421351945
-6.681393371770871
-6.453992955181533
-6.299118580055973
-6.141697815360702
-5.981794297712154
-5.819472667368162
-5.654798542097614
-5.4878384906544255
-5.318660005867598
-5.147331477357737
-4.973922163890507
-4.79850216537927
-4.621142394547711
-4.44191454826332
-4.260891078554455
-4.078145163322135
-3.8937506767578274
-3.707782159480339
-3.520314788403314
-3.3314243463449205
-3.141187191393191
-2.9496802260388204
-2.7569808660872908
-2.563167009364085
-2.3683170042250605
-2.172509617884077
-1.975824004571919
-1.7783396735387733
-1.5801364569125644
-1.3812944774273948
-1.1818941160345102
-0.9820159794082521
-0.7817408673614603
-0.5811497401823839
-0.38032368590713994
-0.17934388753982675
0.02170840976511975
0.22275193154568979
0.42370540688755187
0.6244876012772311
0.8250173494405731
1.0252135881538562
1.2249953890130119
1.424281991148347
1.6229928338721757
1.8210475892448916
2.0183661945469575
2.2148688846443103
2.410476224232835
2.605109139949515
2.7986889523378866
2.991137407653638
3.18237670949812
3.3723295502675894
3.560919142404246
3.7480692494370462
3.9337042168003467
4.117749002416711
4.300129207032129
4.48077110429196
4.659601670544275
4.836548614359143
5.011540405752487
5.184506305101556
5.355376391740911
5.524081592227898
5.690553708265078
5.8547254442689045
6.016530434574005
6.175903270261008
6.3327795255976405
6.487095784082864
6.638789664082529
6.787799844046708
6.934066087298971
7.077529266386615
7.218131386982519
7.355815611329382
7.490526281215976
7.622208940476568
7.750810357004877
7.876278544272743
7.998562782345324
8.117613638384654
8.233382986632504
8.345824027864882
8.454891308310643
8.56054073802584
8.662729608716777
8.761416611004861
8.856561851125608
8.948126867055418
9.036074644059873
9.120369629656668
9.20097774798745
9.277866413593006
9.351004544585663
9.42036257521406
9.50019641706439
9.618021643544841
9.72029627857854
9.80685496268473
9.87755774621656
9.932290315634122
9.972979627181003
9.999762240782536
9.961899808570791
9.892626316604149
9.825874981952477
9.743236994815069
9.644845965785006
9.530860975258586
9.401466316231193
9.256871196329167
9.097309399559073
8.923038908321399
8.734341486300142
8.531522222901938
8.314909039982224
8.084852161655146
7.841723548044747
7.585916293893357
7.317843992998773
7.037940069508185
6.790761449758616
6.641805730955669
6.490165092886143
6.335900835577165
6.179075319641644
6.019751941069452
5.857995105600055
5.693870202686449
5.52744357906195
5.358782511920008
5.187955181717358
5.0150306446125645
4.84007880455057
4.663170385003984
4.484376900383626
4.303770627129349
4.121424574492242
3.9374124550211667
3.7518086547649943
3.564688203202004
3.3761267429097512
3.186200498987111
2.9949862482402323
2.802561288146136
2.6090034056054314
2.4143908454975955
2.218802279050432
2.0223167720377946
1.8250137528178234
1.6269729802239807
1.4282745113231197
1.228998669052996
1.0292260097516703
0.8290372905931919
0.6285134369420954
0.42773550963927354
0.22678467223371773
0.025742158172742287
-0.1753107620366873
-0.3762928136809681
-0.5771227506945741
-0.7777193885038287
-0.9780016368451798
-1.1778885325453525
-1.3772992722507618
-1.5761532450916824
-1.774370065268609
-1.9718696045482673
-2.168572024654869
-2.3643978095441582
-2.5592677975478226
-2.7531032133740223
-2.945825699951732
-3.1373573501066354
-3.327620738054536
-3.5165389507001708
-3.7040356187293755
-3.890034947480825
-4.074461747585478
-4.25724146536193
-4.43830021295419
-4.617564798200318
-4.7949627542204025
-4.970422368710764
-5.143872712933144
-5.3152436703876855
-5.484465965157021
-5.651471189910561
-5.816191833558202
-5.978561308541189
-6.138513977749661
-6.295985181056494
-6.450911261455678
-6.603229590795214
-6.752878595094578
-6.899797779435549
-7.043927752416855
-7.185210250163179
-7.3235881598779
-7.459005542930539
-7.591407657469981
-7.720740980553468
-7.846953229782864
-7.969993384439852
-8.089811706110678
-8.206359758792557
-8.319590428473948
-8.429457942180017
-8.535917886476224
-8.638927225422094
-8.73844431796854
-8.83442893479092
-8.92684227455149
-9.01564697958484
-9.100807150999474
-9.182288363189667
-9.26005767775205
-9.33408365680071
-9.40433637567573
-9.470787435040261
-9.59161014155704
-9.697570562117749
-9.787851775100583
-9.862307812206636
-9.920818291567699
-9.963288612381891
-9.989650107865973
-9.999860156276977
-9.99390224982387
-9.971786021357623
-9.933547228796655
-9.879247697312767
-9.808975219371087
-9.72284341278565
-9.620991537020057
-9.503584268030181
-9.370811432013216
-9.222887698493196
-9.06005223323934
-8.882568311578696
-8.6907228927276
-8.484826155831026
-8.26521099845926
-8.03223249837295
-7.786267339427193
-7.5277132025421505
-7.256988122725198
-6.974529813184628
-6.680794957626897
-6.45737108538156
-6.302553438422849
-6.145188013368697
-5.985338424464912
-5.823069290168883
-5.658446207028041
-5.491535723162927
-5.322405311365083
-5.151123341821648
-4.977759054477223
-4.80238253104357
-4.6250646666695845
-4.445877141282455
-4.264892390611004
-4.082183576904065
-3.89782455935518
-3.711889864244969
-3.524454654814427
-3.3355947008807214
-3.1453863482072015
-2.9539064876411736
-2.7612325240313362
-2.56744234493682
-2.372614289141704
-2.176827114987134
-1.9801599685332114
-1.7826923515647721
-1.5845040894533668
-1.385675298887805
-1.1862863554875616
-0.986417861311518
-0.7861506122745281
-0.5855655654862553
-0.38474380652484735
-0.18376651665804122
-2.073193154313694E-4
-6.257385603071105E-6
