0.0
0.20023715285065544
0.4012035827831605
0.6018698031858207
0.8007018513979808
0.99663859576816
1.1895151065603267
1.3793031959257518
1.5660087534745284
1.7496502066132456
1.930251205925709
2.107837475274822
2.282435251812676
2.4540704425211404
2.62276814299291
2.78855235549296
2.9514458239649666
3.1114699412333113
3.2686447026077374
3.422988690290969
3.574519078766386
3.7232516547652597
3.8692008475187025
4.012379766338037
4.15280024344286
4.290472880543281
4.4254070980855635
4.557611186352123
4.687092357807447
4.813856800226716
4.937909730250497
5.059255447088112
5.177897386152078
5.29383817245132
5.407079673605833
5.5176230523724765
5.62546881859266
5.730616880489341
5.833066595253781
5.932816818872993
6.029865955156954
6.124212003931281
6.215852608366306
6.304785101417393
6.391006551354654
6.474513806362402
6.55530353819045
6.633372284840329
6.708716492269756
6.781332555099327
6.8512168563042835
6.918365805870589
6.982775878397986
7.044443649624813
7.103365831848102
7.159539308207326
7.212961165793966
7.26362872754145
7.311539582839915
7.356691616807632
7.3990830381344495
7.438712405391568
7.475578651674307
7.509681107408302
7.541019521101424
7.569594077759416
7.595405414595375
7.618454633542962
7.6387433099151485
7.6562734963116394
7.6710477205341965
7.683068975762317
7.692340700479044
7.698866744460455
7.702651315276244
7.7036988966931155
7.702014125181166
7.697601601520013
7.6904655973421105
7.680609582472527
7.668035426511494
7.652741958972627
7.634722128021334
7.613956634989535
7.59039677305601
7.558311743652506
7.493277727779136
7.412432190089392
7.315817481753231
7.203589745524472
7.075930443181466
6.933045986569441
6.775167403839222
6.6025499659184295
6.415472773784502
6.214238307209203
5.999171935703889
5.770621392456279
5.528956212109153
5.274567133290119
5.007865466858396
4.729282430889969
4.43926845347646
4.138292444464872
3.8268410373156843
3.6520642020774625
3.48991087868326
3.3254005514367955
3.158599724128743
2.9895758264739842
2.818397186853478
2.645133004692818
2.4698533224886705
2.2926289974944516
2.1135316730765936
1.9326337497530353
1.750008355925637
1.565729318318413
1.3798711321333759
1.192508930936195
1.00371845628383
0.8135760271063209
0.6221585088552423
0.4295432824311745
0.23580821290284967
0.041031618030558714
-0.1547077633771728
-0.35133077212190655
-0.5487142741751013
-0.7456218644873079
-0.9405702121265817
-1.1332192409417838
-1.3234401621154492
-1.5111508250519232
-1.6962870916530972
-1.878793873449424
-2.058621422800879
-2.2357235249924514
-2.410056516394548
-2.581578709312251
-2.750250036146759
-2.9160318203450912
-3.078886624781973
-3.238778149570863
-3.395671162593553
-3.5495314523471477
-3.7003257963984897
-3.848021940982302
-3.9925885886926036
-4.1339953921333334
-4.272212952003507
-4.40721281850707
-4.538967495265872
-4.667450445118156
-4.792636097331784
-4.914499855868723
-5.033018108416812
-5.148168235964497
-5.259928622739581
-5.368278666367753
-5.473198788133774
-5.574670443249248
-5.672676131047685
-5.767199405040842
-5.8582248827810925
-5.945738255483165
-6.029726297365767
-6.1101768746793335
-6.187078954391027
-6.2604226125020865
-6.330199041975969
-6.396400560258626
-6.4590206163728325
-6.5180537975799595
-6.573495835585656
-6.625343612282551
-6.673595165025637
-6.71824969142649
-6.759307553660461
-6.796770282280384
-6.830640579531151
-6.860922322160376
-6.8876205637207555
-6.910741536360685
-6.930292652099935
-6.9462825035878595
-6.9587208643420535
-6.967618688465759
-6.972988109842737
-6.974842440808715
-6.973196170298839
-6.968064961470865
-6.9594656488042235
-6.947416234675186
-6.931935885408867
-6.913044926808839
-6.890764839165503
-6.8651182517444935
-6.836128936756643
-6.803821802811228
-6.768222887854332
-6.729359351594371
-6.68725946741693
-6.641952613791176
-6.5934692651702544
-6.541840982388029
-6.487100402554725
-6.429281228453967
-6.368418217443628
-6.304547169862985
-6.237704916948547
-6.167929308260656
-6.095259198622927
-6.019734434576267
-5.941395840348735
-5.860285203342449
-5.776445259137535
-5.689919676013415
-5.60075303898572
-5.508990833357344
-5.4146794277797
-5.317866056819971
-5.218598803027103
-5.116926578488037
-5.012899105862373
-4.90656689888042
-4.79798124228559
-4.687194171196682
-4.574258449859551
-4.4592275497495235
-4.342155626975945
-4.22309749892765
-4.10210862008222
-3.979245056880879
-3.8545634615447577
-3.7281210446728
-3.5999755464160863
-3.470185205961461
-3.3388087289751556
-3.2059052525431557
-3.071534306988026
-2.9357557737206466
-2.798629837966209
-2.660216934740241
-2.5205776857537403
-2.3797728238632136
-2.2378631000047022
-2.0949091648298204
-1.9509714126765076
-1.8061097674528195
-1.6603833751351886
-1.5138501384054612
-1.3665659673537929
-1.2185834774757622
-1.0699494930193842
-0.9206995614034675
-0.7708431370000544
-0.6203062729881621
-0.4685802899394136
-0.3145304197354102
-0.15791765635806138
0.0011982109553678063
0.1627528689344157
0.3266810089648453
0.49291636294056523
0.6613917300746661
0.8320390040652093
1.0047892006267092
1.1795724853768508
1.356318202066597
1.5349549011066965
1.7154103286679376
1.897577220614216
2.0804178214913915
2.2625562046655814
2.443680656833341
2.623706216365018
2.8025959257096926
2.980329673541317
3.1568945314159644
3.3322807866510953
3.506480026893882
3.67948411445961
3.8512845984716932
4.021872363176277
4.191237412920704
4.359368740701215
4.526254250133833
4.691880712839189
4.856233750016975
5.019297830958355
5.181056283665364
5.341491314270691
5.500584032941631
5.658314484611558
5.814661683331774
5.969603649349861
6.123117448242203
6.275179231588322
6.425764278791697
6.574847039738783
6.7224011780524995
6.868399614746688
7.012814572125516
7.155617617801776
7.296779708730417
7.436271235172778
7.574062064520289
7.710121584919054
7.844418748645257
7.976922115189253
8.107599894012443
8.236419986945556
8.363350030201785
8.48835743598122
8.611409433645742
8.73247311044666
8.851515451788304
8.968503381013367
9.083403798696793
9.196183621436127
9.306809820127524
9.415249457717263
9.521469726419515
9.625437984391606
9.72712179185865
9.826488946679877
9.923507519349487
10.018145887424906
10.110372769376243
10.200157257850213
10.287468852342844
10.372277491274911
10.45455358346457
10.534268038991685
10.611392299448607
10.685898367572165
10.757758836251973
10.826946916910067
10.893436467247184
10.957202018350822
11.018218801160799
11.076462772287488
11.131910639178573
11.184539884629823
11.234328790635656
11.281256461575271
11.325302846730093
11.366448762128407
11.4046759117131
11.439966907828172
11.472305291020046
11.501675549149368
11.528063135809012
11.55145448804397
11.571837043368564
11.589199256076425
11.60353061283816
11.619552997086458
11.629725930621962
11.627638913191383
11.613260028544692
11.58657537607325
11.54758935420688
11.496324892334254
11.432823628812137
11.357146031634128
11.26937145677274
11.169598136745789
11.057943087953529
10.934541918613453
10.799548507408236
10.653134501603086
10.495488542239986
10.326815039245202
10.147332129400398
9.957267976487099
9.756853208739287
9.546302471461464
9.325754802738182
9.094967501780715
8.852404978573963
8.59721043876525
8.329730546261718
8.050397435391707
7.75966273907532
7.457996525588526
7.145886537486552
6.981078928356161
6.818770154180735
6.654108578360781
6.487160764973119
6.3179942022955755
6.146677275525285
5.97327923913415
5.797870188873154
5.620521033436424
5.441303465796672
5.260289934223742
5.077553612997611
4.893168372828145
4.707208750993071
4.5197499212067385
4.3308676632314445
4.14063833224376
3.949138827968412
3.7564465635917945
3.5626394344681693
3.367795786630698
3.1719943851205294
2.9753143821463444
2.7778352850873818
2.579636924353076
2.3807994211118273
2.1814031549025352
1.981528731141392
1.7812569485376404
1.580668766431004
1.3798452720642052
1.1788676478039324
0.9778171383230932
0.7767750177581858
0.5758225568544452
0.37504099011264697
0.17451148295037563
-0.02568490110866119
-0.22546723296094826
-0.42475423347718694
-0.623214808571646
-0.8191141945857305
-1.0115341900711938
-1.2002837464303433
-1.3852800326441803
-1.5664716501267624
-1.7438209584625877
-1.9172978002333005
-2.086876712186046
-2.2525355003545835
-2.4142544394763696
-2.5720157913983064
-2.7258035003668857
-2.8756029928081257
-3.021401042012419
-3.1631856748106473
-3.3009461063379897
-3.4346726941101524
-3.5643569056828075
-3.6899912960435803
-3.811569492082401
-3.929086182268273
-4.042537110187113
-4.151919070955234
-4.2572299097757025
-4.358468522084862
-4.455634854865857
-4.5487299088024775
-4.637755741017011
-4.722715468190226
-4.803613269902168
-4.880454392064004
-4.953245150336163
-5.02199293344675
-5.086706206340151
-5.147394513097385
-5.204068479580299
-5.2567398157591185
-5.305421317689723
-5.350126869112522
-5.3908714426488675
-5.42767110057527
-5.460542995158101
-5.489505368534828
-5.514577552129551
-5.535779965592651
-5.553134115256282
-5.56666259209828
-5.576389069209057
-5.582338298756206
-5.58453610844333
-5.583009397459782
-5.577786131918948
-5.56889533978347
-5.553048372340881
-5.515636883918504
-5.464092566700813
-5.398695221910727
-5.3197408053834065
-5.227541121518977
-5.1224234844258625
-5.00473034628822
-4.8748188929038525
-4.733060606187381
-4.5798407931912735
-4.415558080826552
-4.240623874901774
-4.055461781245043
-3.8605069853633807
-3.6562055850487947
-3.4430138670735504
-3.221397513744928
-2.9918307159354782
-2.7547951529344883
-2.5107787690228225
-2.2602742160481335
-2.003776700800481
-1.7417806658861505
-1.4747738917295785
-1.2032248573996378
-0.9275471390996954
-0.6479302994824179
-0.3623004926888464
-0.06603783742896273
0.2409143144285358
0.4828010599595542
0.6439095781668176
0.8074037588750285
0.9732175092635003
1.141283798836198
1.3115346865184108
1.4839013481216436
1.6583141041655296
1.8347024480453322
2.0129950745340355
2.193119908607084
2.3750041345784205
2.55857422553583
2.7437559730639722
2.9304745172426943
3.118654376908802
3.308219480169077
3.4990931951518585
3.6911983609852244
3.88445731898322
4.07879194360985
4.274123639616784
4.470370600623205
4.6673238544403395
4.8641861690642765
5.060322381787193
5.255513589874258
5.449653774388863
5.642671557975122
5.834509900105524
6.025118769136635
6.214451890564084
6.402465099100937
6.589115425117832
6.774360555959614
6.958158504943266
7.140467402985333
7.3212453664246215
7.500450414196739
7.678040418089853
7.853973075817733
8.028205900212452
8.200696220033947
8.371401189291683
8.540277802887944
8.70728291700537
8.872373273082966
9.035505524518657
9.196636265447376
9.355722061094275
9.512719479315585
9.667585123022347
9.8202756632445
9.970747872641706
10.11895865930306
10.264865100707416
10.40842447773793
10.549594308662673
10.688332383007568
10.824596795258486
10.958345978340004
11.089538736824458
11.218134279832304
11.344092253589315
11.467372773610128
11.587936456482387
11.705744451227163
11.820758470215175
11.932940819619509
12.042254429388262
12.148662882721043
12.252130445035663
12.352622092411915
12.450103539500269
12.544541266884803
12.635902547889803
12.724155474820671
12.80926898463015
12.891212884001368
12.96995787384014
13.045475573168764
13.117738542414575
13.186720306086674
13.252395374834482
13.314739266882247
13.373728528834091
13.429340755844066
13.481554611146468
13.530349844941515
13.575707312631927
13.617608992406439
13.656038002165824
13.690978615788053
13.722416278728911
13.750337622954746
13.790085068164082
13.823122907528264
13.841909687812358
13.846399913667081
13.8365685482481
13.812411290130552
13.773944806002358
13.721206918996712
13.654256752557279
13.573174829756386
13.47806312800421
13.36904508909304
13.246265584509729
13.109890835916746
12.960108290637358
12.797126451870886
12.621174663191042
12.43250284661303
12.231381193110272
12.018099803846374
11.79296827944944
11.556315253203133
11.308487861740677
11.049851143134296
10.78078734613517
10.50169512375267
10.21298856538749
9.915095985890423
9.608458317936204
9.32300033343709
9.162926724089115
9.000940916194928
8.837100160139492
8.671461037779961
8.504078753962293
8.335005964743791
8.164290710526672
7.9919725027844395
7.818074428817013
7.642587422859911
7.4654500568503375
7.286572648035345
7.105924514785051
6.923545983666417
6.739504093334257
6.553872090634581
6.36672483154028
6.178137941069073
5.988187650386702
5.796950745368505
5.604504532505049
5.4109268072131975
5.216295822327634
5.02069025645943
4.824189182189698
4.626872034104649
4.42881857668462
4.230108872059483
4.030823247644
3.8310422636658794
3.6308466805995243
3.4303174265190792
3.22953556438365
3.028582259267837
2.8275387455512546
2.6264862940798945
2.4255061793126536
2.2246796464666163
2.024087878673992
1.8238119641642092
1.6239328634843613
1.424531376771271
1.2256881110884723
1.0274834478410617
0.8299975102819274
0.6333101311223707
0.4375008202599434
0.2426487326370352
0.0488326362428906
-0.1438691197172018
-0.33537861910601563
-0.5255963926810154
-0.713544410096184
-0.8977007171969312
-1.0776977933014393
-1.2534316462679598
-1.4248521748722711
-1.5919294113099358
-1.754643394402086
-1.91298007454744
-2.066929344166999
-2.21648397577909
-2.3616390012779065
-2.5023913268130746
-2.6387394827903967
-2.770683455833757
-2.898224572747658
-3.0213654187039283
-3.1401097786409924
-3.2544625948023027
-3.3644299357271534
-3.470018973502233
-3.571237967048318
-3.6680962498584653
-3.760604221038009
-3.848773338798565
-3.932616115771811
-4.012146115660955
-4.087377950859686
-4.1583272807514
-4.225010810462751
-4.2874462898925705
-4.345652512873738
-4.399649316352791
-4.449457579494008
-4.495099222632275
-4.536597206012346
-4.573975528262962
-4.607259224563761
-4.636474364469497
-4.66164804936217
-4.682808409506788
-4.699984600690154
-4.713206800425468
-4.722506203708577
-4.727915018313775
-4.729398979132269
-4.721016673355408
-4.697629466826414
-4.6595387669069925
-4.607061436506532
-4.540529509161546
-4.460289871215467
-4.36670391070492
-4.260147132463868
-4.141008738754667
-4.0096911743881485
-3.8666096347405965
-3.712191534213413
-3.5468759313387648
-3.3711129046225836
-3.185362869823269
-2.9900958237587996
-2.7857904901463058
-2.572933325860855
-2.352017313821548
-2.1235404042732093
-1.888003326579055
-1.6459061587905308
-1.3977421232021352
-1.143984019099783
-0.8850449145413224
-0.6210800392562681
-0.34979404312432727
-0.06713973754175666
0.22678289281878702
0.5314986608168555
0.8056355400666376
0.9662272587752795
1.1292186121833752
1.2945437106377287
1.4621357210794583
1.6319268940608502
1.8038485911327644
1.9778313125915867
2.1538047255739654
2.3316976924885973
2.511438299773446
2.692953886966196
2.8761710760771066
3.061015801251771
3.247413338711683
3.4352883369611225
3.6245648472477456
3.81516635426434
4.007015807079829
4.200035650286933
4.394147855353368
4.589273952164592
4.785335060745138
4.9822519231452045
5.179944935480489
5.378334180110225
5.577339457928475
5.776880320596319
5.976876100659671
6.177245912630743
6.377908262203675
6.578775432139567
6.779697364627221
6.980312429265989
7.180213859060815
7.379164014111914
7.577022408893098
7.77368715271183
7.9690737499567295
8.16310676239014
8.355716010953682
8.546834632959204
8.736397999553544
8.924343073489045
9.11060801044091
9.295131903653854
9.477854617297144
9.658716677052482
9.83765919892824
10.0146238443601
10.189552793838534
10.362388733867395
10.533074853683937
10.701554849231467
10.867772932583154
11.031673845500915
11.193202876151167
11.35230587823823
11.508929291991143
11.663020166564952
11.814526183512655
11.963395681055133
12.109577678930151
12.25302190364255
12.393678813971325
12.531499626613517
12.666436341865092
12.79844176925566
12.92746955306588
13.053474197667372
13.176411092633366
13.296236537575266
13.412907766665903
13.52638297281549
13.636621331470307
13.743583024006604
13.847229260696642
13.947522303225156
14.04442548673658
14.137903241396081
14.227921113448307
14.31444578575892
14.397445097826372
14.47688806525101
14.552744898650507
14.624987022011148
14.693587090465567
14.758519007487406
14.81975794149523
14.877280341857514
14.93106395429168
14.981087835650712
15.027332368090518
15.069779272613044
15.10841162197931
15.159393033975753
15.213531635066799
15.252176220914764
15.275258276834801
15.282732132797378
15.27457518921124
15.23875400591847
15.13355949636666
15.027975317434835
14.93151283763314
14.81987169941563
14.693209761491515
14.551708114853064
14.395570895441983
14.225025055240225
14.040320092208207
13.84172773954539
13.629541614796876
13.404076829372759
13.165669559087112
12.91467657635397
12.651474744702348
12.376460476284036
12.090049153046033
11.792674512217127
11.48478799670976
11.255119873342498
11.093845545184003
10.930209176943585
10.76427326984512
10.596101261877026
10.425757502704636
10.25330722803764
10.078816533443314
9.90235234759259
9.723982404921227
9.543775217683008
9.361800047365977
9.178126875432843
8.992826373337278
8.805969871754412
8.617629328946123
8.42787729816038
8.236786893936543
8.044431757150326
7.850886018585415
7.656224260754775
7.460521477608012
7.263853031645983
7.066294607803971
6.867922163241013
6.668811871859296
6.469040061924698
6.268683144497198
6.0678175293956595
5.866519523920313
5.664865207225469
5.462930269519121
5.260789799192517
5.058517990792057
4.856187729196814
4.653869974500876
4.451632817441266
4.249539981618795
4.0476484139166535
3.846004556066243
3.64463968729326
3.4435685330380648
3.2428006258098985
3.0423622858958987
2.8423056051128195
2.642699917898732
2.4436219844479248
2.2451510434043183
2.0473669523359037
1.8503495551593283
1.6541784638582935
1.4589329707172856
1.2646920001317825
1.0715340721402813
0.879537269424374
0.6887792054055953
0.4993369927814198
0.31128721232977186
0.12470588194609496
-0.060331574087756544
-0.24375035505848622
-0.42547573104387976
-0.6052393625845339
-0.7815665518023212
-0.9535741950882624
-1.1210824998593425
-1.2840277698313614
-1.4423796350530071
-1.5961222031147015
-1.7452474330560794
-1.889752208881204
-2.029636849356595
-2.1649042713675257
-2.2955594856666774
-2.421609276235823
-2.5430619877585827
-2.6599273800552132
-2.7722165257255993
-2.8799417366226128
-2.9831165101007904
-3.0817554891401584
-3.175874432386964
-3.2654901913877854
-3.3506206931001046
-3.4312849263027205
-3.5075029309016728
-3.5792957893843886
-3.646685619860549
-3.7096955702611596
-3.7683498133647286
-3.822673542392907
-3.8726929669725756
-3.9184353093025086
-3.9599288003960966
-3.9972026762957773
-4.030287174174193
-4.0592135282536415
-4.0840139654869185
-4.1047217009524894
-4.121370932925695
-4.133996837593438
-4.145895871711537
-4.146628117053409
-4.131966121878451
-4.102237933090136
-4.057786374731931
-3.9989687475930404
-3.9261564961768216
-3.839734841937309
-3.7401023815154146
-3.6276706483245365
-3.502863635169385
-3.3661172744983907
-3.2178788711569815
-3.0586064797210515
-2.888768213914179
-2.708841467878094
-2.5193120154869026
-2.320672928896516
-2.113423208756936
-1.8980659162872102
-1.675105362653935
-1.4450423034601005
-1.2083642307020634
-0.9655205897056997
-0.7168285539159891
-0.46156913661920723
-0.19545194564824073
0.08256500956255416
0.3720354066443123
0.6724912149502396
0.9834466423074545
1.1658405757635089
1.327879548136308
1.4922787478004957
1.6589717159154185
1.8278910663950692
1.9989685131485948
2.1721348976844967
2.3473202170677157
2.5244536522180865
2.7034635965384557
2.8842776848613267
3.06682282270218
3.2510252158073123
3.436810399984629
3.6241032712047354
3.8128281159599577
4.002908641868097
4.194268008505477
4.386828858451476
4.5805133485157405
4.775243181093906
4.970939635529001
5.167523599159932
5.364915597179723
5.563035818782778
5.761804132120416
5.961140065281669
6.160962682415077
6.361190132065624
6.5617381806900195
6.762515850239633
6.963414961210368
7.164296540678451
7.364995196763869
7.565347233617388
7.765209766437258
7.964460574424074
8.162991979506977
8.360705781164246
8.557510026281902
8.753317044560934
8.948042241079419
9.141603334759377
9.33391986477734
9.524912862947765
9.714504632247325
9.902618595302847
10.089179190292425
10.27411179978351
10.457342702962091
10.638799044800995
10.818408817704945
10.99610085248345
11.171804816387173
11.345451216550149
11.516971407605773
11.686297602547636
11.853362886124259
12.01810123021688
12.180447510769497
12.340337525929003
12.497708015120834
12.652496678839473
12.80464219897207
12.954084259505612
13.100763567494072
13.244621874180742
13.385601996187523
13.523647836696316
13.658704406557614
13.790717845270356
13.919635441784235
14.045405655081998
14.167978134503226
14.287303739776817
14.403334560731386
14.516023936657003
14.625326475293841
14.731198071425107
14.833595925054684
14.932478559150635
15.027805836937283
15.119538978720763
15.207640578233047
15.292074618481074
15.3728064870886
15.449802991118984
15.523032371367883
15.59246431611603
15.658069974332285
15.719821968318072
15.77769440578508
15.831662891358299
15.881704537496931
15.932519199754637
16.011923743247152
16.07531011229439
16.122564292424347
16.153597354204813
16.168345634750267
16.166770878794146
16.11672500594098
16.001120353721717
15.905881930678271
15.805496432527008
15.68924927312345
15.557307947172673
15.409864751602655
15.24713651207599
15.069364269464307
14.876812926753889
14.669770856915996
14.44854947234074
14.213482756495223
13.964926758529293
13.703259051611624
13.428878155836877
13.142202926601865
12.843671909402023
12.533742662053125
12.345106009129918
12.182862773278973
12.018023589825898
11.85065191873406
11.680812240566512
11.508570031280534
11.333991736603863
11.157144746002817
10.978097366252465
10.79691879461858
10.613679091661549
10.428449153673052
10.241300684755037
10.052306168552093
9.86153883964764
9.66907265463416
9.474982262868313
9.279342976921823
9.08223074273813
8.883722109505767
8.683894199259251
8.482824676217412
8.280591715870084
8.077273973822992
7.87295055441106
7.667700979090333
7.461605154617575
7.254743341026958
7.047196119413235
6.839044359529073
6.630369187204749
6.42125195159767
6.211774192277459
6.002017606152379
5.792064014241558
5.581995328295468
5.371893517265914
5.16184057362551
4.951918479532587
4.742209172836094
4.5327945129113285
4.323756246312181
4.11517597222165
3.9071351076754675
3.699714852525698
3.4929961541016707
3.287059671514167
3.081985739532017
2.877854331942534
2.6747450242822692
2.472736955792461
2.2719087904135953
2.0723386765806295
1.874104205509037
1.6772823675712558
1.481949506236269
1.2881812688774499
1.096052553522447
0.9056374502971918
0.7170091758676429
0.5302399985463903
0.3454011508181667
0.162562724720268
-0.01820645640692148
-0.1968389989985889
-0.3732690658795193
-0.547385217222576
-0.7181538047042874
-0.884380297307364
-1.045822872515879
-1.2024367444486714
-1.3542199637854384
-1.501184923944659
-1.643349673021225
-1.7807347341995798
-1.9133619700681794
-2.0412543080854735
-2.164435823012537
-2.2829319296590884
-2.3967695558561917
-2.505977227041518
-2.6105850334833245
-2.710624481968273
-2.8061282576994264
-2.8971299362727088
-2.9836636878369145
-3.0657640077179646
-3.143465494812151
-3.2168026860723655
-3.2858099456415415
-3.3505214015078626
-3.4109709203131184
-3.4671921109526465
-3.51921834877115
-3.567082813728012
-3.610818537452763
-3.650458455444246
-3.686035461730663
-3.717582464116351
-3.745132438739037
-3.7687184830894385
-3.7940902123293956
-3.8191387350753083
-3.828916141679742
-3.8237004947522046
-3.803776797260844
-3.7694379725038187
-3.7209856928213036
-3.6587310674100095
-3.582995198923991
-3.4941096174105883
-3.392416598744814
-3.278269373112965
-3.152032227141239
-3.01408050070627
-2.864800475813666
-2.7045891492784357
-2.5338538715425503
-2.3530118172760655
-2.162489221791627
-1.962720253032758
-1.7541452469571879
-1.5372076863838522
-1.3123483254275587
-1.079991512665776
-0.8405030346629052
-0.5939576080176423
-0.33786810939359596
-0.06894545115366205
0.21244798705558302
0.39203181339677656
0.5407793646826121
0.692328490416945
0.8466030678908143
1.0035265114233665
1.1630218080056272
1.3250115505860303
1.4894179675292563
1.6561629467634238
1.8251680532640804
1.996354538818802
2.1696433434606583
2.34495508851715
2.5222100618331718
2.7013281963219042
2.882229043512887
3.0648317441538806
3.249054998151156
3.434817036196658
3.622035595338312
3.810627900514952
4.000510653726424
4.191600032062738
4.3838116953061474
4.577060803282927
4.771262042615145
4.966329662053529
5.1621775151981995
5.358719109160793
5.555867657602974
5.753536136597535
5.95163734187535
6.15008394621743
6.348788555991973
6.547663766088516
6.746622212741442
6.9455766239487655
7.144439867363951
7.343124995673148
7.541545289565338
7.739614298464926
7.937245879230614
8.134354233040073
8.330853940678274
8.526659996437083
8.721687840817491
8.915853392205687
9.109073077672273
9.30126386302491
9.49234328222347
9.682229466248883
9.87084117150198
10.058097807792441
10.243919465967574
10.428226945218817
10.610941780094775
10.791986267243292
10.971283491897148
11.14875735411342
11.324332594772192
11.497934821336667
11.669490533372969
11.83892714782699
12.006173024052293
12.171157488581953
12.333810859636557
12.494064471358694
12.651850697763914
12.80710297639748
12.959755831686492
13.109744897974927
13.25700694223079
13.401479886413915
13.543102829491833
13.681816069092584
13.81756112278316
13.950280748961227
14.07991896734915
14.20642107907959
14.329733686360687
14.449804711710497
14.566583416750476
14.68002042054676
14.790067717489638
14.896678694701661
14.999808148963913
15.099412303151613
15.19544882217025
15.287876828382753
15.376656916519616
15.46175116806372
15.543123165101614
15.6207380036338
15.694562306336689
15.764564234768818
15.830713501014557
15.892981378759236
15.951340713788689
16.005765933907796
16.087349732630095
16.17103284912213
16.23858853662128
16.289891684331796
16.32484338678346
16.34337108353558
16.34022998927556
16.278373521364756
16.17100111609538
16.086997214772282
15.986833598232232
15.870654921134328
15.738631553284604
15.590959303417119
15.427859103133578
15.249576651424896
15.056382020264996
14.848569221834266
14.626455737995794
14.390382012710461
14.140710908140717
13.877827125254116
13.602136589796643
13.314065804564496
13.014061168960135
12.70258826687095
12.536428356922979
12.373756394295851
12.20846600594513
12.040621543544441
11.870288386667918
11.697532916707083
11.522422490385882
11.34502541288382
11.165410910578366
10.983649103416957
10.799810976928617
10.613968353887284
10.426193865637025
10.23656092309011
10.045143687409963
9.852017040390002
9.657256554539188
9.460938462887185
9.263139628519982
9.063937513857377
8.86341014968533
8.661636103954583
8.458694450356782
8.25466473669171
8.049626953036807
7.843661499730885
7.63684915518523
7.429271043533907
7.221008602134777
7.012143548934847
6.802757849711594
6.592933685201688
6.382753418131054
6.172299560156934
5.9616547387349526
5.7509016639224155
5.540123095130693
5.329401807837953
5.118820560273534
4.9084620600862054
4.698408931007361
4.488743679519432
4.279548661541207
4.070906049140361
3.8628977972821668
3.655605610625416
3.449110910373949
3.2434948011915616
3.0388380381895352
2.8352209939929263
2.6327236258911295
2.431425443078895
2.231405473990909
2.032742233731302
1.835513691599956
1.6397972387130104
1.4456696557128756
1.2532070805617332
1.0624849764070543
0.8735780995035803
0.6865604671723557
0.5015053257699011
0.31848511863234863
0.1375714539518464
-0.04116492747064439
-0.21765418446413742
-0.3918272412705141
-0.5635400207696046
-0.7316498160311601
-0.8950885973647835
-1.0536559547865132
-1.2073177795019576
-1.3560800910739708
-1.4999638817765935
-1.6389969353099922
-1.773210432289719
-1.9026373279369455
-2.027311502630444
-2.147267287612801
-2.2625391870020715
-2.3731617087337247
-2.479169259303146
-2.580596078093912
-2.677476197894271
-2.7698434239290894
-2.8577313267926097
-2.9411732462984723
-3.020202304136358
-3.094851423705039
-3.165153355772382
-3.2311407087968744
-3.292845982888651
-3.3503016065098365
-3.40353997512573
-3.452593491124042
-3.4974946044173714
-3.5382758532325513
-3.574969904672985
-3.6076095947105484
-3.63622796732721
-3.6735973049747885
-3.7063781771010986
-3.7236959123056472
-3.7258313059371444
-3.7130725088051717
-3.6857158398129197
-3.6440664887017715
-3.588439110117122
-3.519158311159343
-3.43655903494337
-3.3409868425527387
-3.232798095150427
-3.1123600368126914
-2.9800507766608337
-2.8362591656325473
-2.6813845579008526
-2.515836437848229
-2.3400338772616753
-2.1544047568133964
-1.9593846243709008
-1.755414928736446
-1.5429400447325894
-1.322401616260709
-1.094225777861926
-0.8587854447125421
-0.6162106274169019
-0.3644372797914723
-0.09989359540621141
0.17719734677305926
0.3543151847806747
0.5009696828303324
0.6504466535043978
0.8026700811105133
0.9575633234442308
1.1150491297661105
1.2750496589616631
1.4374864978320447
1.6022806794715123
1.7693527016980555
1.9386225455129684
2.1100096935807313
2.2834331487353112
2.4588114525324216
2.6360627038851336
2.815104577834278
2.995854344516907
3.1782288884084147
3.3621447279198917
3.547518035438141
3.7342646578930028
3.922300137935106
4.111539735798984
4.301898451914288
4.4932910503152295
4.685632082883341
4.87883591443998
5.072816748689738
5.267488654999315
5.462765595980107
5.658561455830021
5.854790069380086
6.051365251779673
6.248200828750338
6.445210667334389
6.64230870706052
6.839408991451425
7.036425699800344
7.233273179145127
7.429865976374668
7.626118870407929
7.821946904389216
8.017265417851268
8.21199007880318
8.406036915703892
8.599322349288553
8.791763224220487
8.983276840542784
9.173780984909985
9.363193961582848
9.551434623170474
9.738422401107831
9.924077335858664
10.108320106833585
10.291072062015646
10.472255247287205
10.651792435449886
10.829607154932534
11.005623718181695
11.179767249727531
11.35196371392032
11.522139942332215
11.690223660817031
11.856143516222964
12.019829102751972
12.181210987958785
12.340220738383195
12.496790944809192
12.650855247143006
12.802348358903274
12.951206091316402
13.097365377008515
13.240764293286897
13.381342085003613
13.519039186992362
13.65379724607122
13.785559142603725
13.914269011609353
14.039872263415873
14.162315603846086
14.281547053930021
14.397515969135535
14.510173058108895
14.619470400918424
14.725361466792688
14.82780113134618
14.926745693285381
15.02215289058752
15.113981916145029
15.20219343286925
15.286749588246057
15.367614028337016
15.444751911220296
15.518129919864156
15.587716274427885
15.653480743984105
15.71539465765702
15.773430915171083
15.836622834222718
15.931703845180058
16.010891554737995
16.074041874117377
16.121036766501906
16.151784414932585
16.166292315182794
16.145570557424918
16.05947285658163
15.952601942841753
15.861041704661572
15.753521427690208
15.63019927791545
15.49125893767529
15.336909304359954
15.167384149445736
14.982941738340733
14.783864411588423
14.570458128038693
14.343051970660524
14.101997615732522
13.847668766207743
13.580460550109496
13.30078888487297
13.009089808602344
12.705818779268988
12.425615333256097
12.26498665575145
12.101755797595544
11.935986716019658
11.76774439393318
11.597094813831278
11.424104931301569
11.248842648139787
11.071376785084224
10.89177705418057
10.710114030787274
10.526459125231955
10.34088455413057
10.153463311380118
9.964269138835508
9.773376496682902
9.58086053352055
9.38679705615785
9.191262499145655
8.994333894048609
8.796088838470991
8.596605464848755
8.395962409019342
8.19423877858022
7.991514121049642
7.787868391840665
7.583381922060071
7.378135386145196
7.172209769349549
6.965686335090131
6.758646592166952
6.551172261867926
6.343345244970274
6.1352475886491185
5.926961453306252
5.718569079329415
5.510152753792609
5.301794777109294
5.093577429648631
4.885582938323921
4.677893443164431
4.470590963879193
4.2637573664207835
4.0574743295584526
3.851823311467394
3.646885516339686
3.4427418610239573
3.239472941697122
3.037159000570459
2.835879892632511
2.6357150524272823
2.4367434608641627
2.239043612054858
2.0426934801674825
1.8477704862843136
1.654351465246467
1.462512632461305
1.2723295506413523
1.0838770964372648
0.8972294269144531
0.7124599458110261
0.5296412695002691
0.3488451925596687
0.17014265282454735
-0.006396304224552525
-0.1807025618819152
-0.35270793221216146
-0.522323149514217
-0.6887381412241919
-0.8506600003683399
-1.007773846802135
-1.1600234318759652
-1.3074060926572135
-1.4499378900836903
-1.5876432661152182
-1.7205509846296299
-1.8486922588267605
-1.972099782051998
-2.0908071734188933
-2.204848628885235
-2.314258682095815
-2.4190720299670376
-2.5193234015200594
-2.61504745935624
-2.706278727974472
-2.793051545071895
-2.875400032668632
-2.9533580851400942
-3.026959371382268
-3.0962373485111314
-3.1612252847285585
-3.221956289259331
-3.2784633475561225
-3.330779360252314
-3.3789371846072322
-3.422969677421995
-3.4629097386066747
-3.4987903547502066
-3.5306446421841917
-3.558505889148198
-3.600709654407422
-3.6297181413426105
-3.643423425446346
-3.6421079959105427
-3.626061538142401
-3.5955817718708074
-3.5509751703626815
-3.4925575636221433
-3.420654629067561
-3.335602273184547
-3.237746907148116
-3.1274456183849595
-3.0050662383740607
-2.8709873043476146
-2.725597908341496
-2.5692974200751513
-2.4024950580845625
-2.225609261560735
-2.0390667728120184
-1.843301251756457
-1.6387510424688363
-1.4258551975573257
-1.20504532895791
-0.9767250529002821
-0.7411961652337052
-0.498051293154503
-0.24350782095371049
0.023859134524309118
0.30348971063246283
0.5197378382099256
0.6681858913836628
0.8193680292370714
0.973208485454129
1.1296308570438178
1.2885581217606605
1.4499126558213487
1.6136162519102606
1.7795901374752874
1.9477549933224123
2.1180309725228943
2.2903377196547705
2.4645943904060705
2.6407196715701438
2.8186318014681877
2.998248590834968
3.1794874442042524
3.3622653818277404
3.5464990621591084
3.732104804930213
3.918998614839004
4.10709620586337
4.2963130262077
4.486564283878976
4.677764972883891
4.8698299000299965
5.0626737123056404
5.256210924808915
5.4503559491906115
5.645023122569646
5.840126736878714
6.035581068595179
6.231300408809404
6.4271990935844245
6.623191534561175
6.819192249763103
7.015115894557243
7.210877292731453
7.406391467647702
7.6015736734359285
7.79633942619591
7.990604535174861
8.184285133893722
8.377297711196817
8.56955914220065
8.760986719121185
8.95149818196121
9.141011749038922
9.329446147342662
9.51672064269769
9.702755069730323
9.887469861617555
10.070786079611118
10.252625442323737
10.432910354767623
10.611563937135768
10.788510053315164
10.96367333912301
11.13697923025713
11.308353989950461
11.477724736320987
11.645019469408709
11.810167097889565
11.973097465458018
12.133741376869684
12.292030623634215
12.447898009349872
12.601277374671334
12.752103621900972
12.900312739194781
13.045841824374884
13.188629108338557
13.328613978055218
13.46573699914335
13.599939938017158
13.73116578359544
13.859358768563116
13.984464390177768
14.106429430611664
14.225201976821534
14.340731439938015
14.452968574165913
14.561865495187696
14.667375698062783
14.769454074614044
14.868056930294415
14.963142000526704
15.054668466508511
15.142596970475804
15.22688963041849
15.307510054240787
15.384423353360408
15.45759615574045
15.526996618347583
15.592594439031014
15.654360867816916
15.712268717612528
15.769501336573262
15.86531557645108
15.94532001413356
16.00936807971414
16.057339138278934
16.089138664861373
16.104698379092163
16.08929579137502
16.009584952160825
15.893586327007629
15.802608263835141
15.695727785174501
15.573101161903848
15.43491012739158
15.281361580440652
15.112687248520082
14.929143311760768
14.731009988258615
14.51859108129214
14.292213489124459
14.0522266781221
13.799002119983724
13.532932693929991
13.254432054764923
12.96393396777304
12.661891611472178
12.364063927894769
12.203760192496745
12.040867291431285
11.875449019536967
11.707570194676098
11.537296631690404
11.364695115954593
11.189833376537562
11.012780058982333
10.833604697714618
10.652377688091121
10.469170258097506
10.284054439707937
10.097103039916506
9.90838961145142
9.717988423183757
9.525974430241957
9.332423243842394
9.137411100848894
8.941014833071849
8.743311836318012
8.54438003920358
8.344297871741631
8.143144233714743
7.940998462845675
7.737940302776992
7.534049870870521
7.329407625839219
7.1240943352222725
6.918191042713953
6.711779035358515
6.504939810621544
6.297755043347524
6.090306552615653
5.882676268503141
5.674946198765106
5.4671983954417405
5.259514921400919
5.051977816823771
4.8446690656419635
4.637670561932904
4.431064076277817
4.224931222088641
4.019353421906319
3.8144118736716197
3.6101875169694253
3.406760999243638
3.204212641976824
3.00262240682786
2.8020698617145663
2.6026341468246317
2.40439394053353
2.207427425200132
2.011812252802574
1.8176255103683037
1.624943685138397
1.4338426293914224
1.244397524833936
1.0566828464406472
0.8707723255967297
0.6867389123603252
0.504654736613991
0.32459106781511554
0.14661827298168403
-0.029194227547305645
-0.20277800704258012
-0.3740655972319809
-0.5429478055568318
-0.7084565667432954
-0.8694151104376987
-1.0255711650536996
-1.1768771728499214
-1.3233315352093955
-1.4649494113830392
-1.6017537516188174
-1.7337717595868734
-1.8610332677438972
-1.983569888187251
-2.101414501028744
-2.2146008972402407
-2.3231634993267436
-2.4271371301801974
-2.52655682049774
-2.6214576523200037
-2.711874637578375
-2.7978426296959324
-2.879396265069911
-2.956569930404413
-3.029397751524707
-3.097913599411237
-3.16215110957874
-3.222143711452275
-3.2779246649534555
-3.3295271020412773
-3.376984071419707
-3.420328585021158
-3.4595936651987036
-3.494812391818322
-3.526017948647518
-3.5532436685952704
-3.59444733366645
-3.6221980662857747
-3.6346996926656296
-3.632234369849167
-3.6150913364109067
-3.5835677815488154
-3.5379695874610277
-3.4786119496021493
-3.4058198796676535
-3.319928595839421
-3.2212838040517617
-3.1102418727830767
-2.9871699019913365
-2.8524456839498256
-2.70645754924546
-2.5496040838139002
-2.3822936901109313
-2.2049439421669987
-2.0179806388256902
-1.8218363642172004
-1.6169481457459811
-1.4037532341201242
-1.1826803082832054
-0.9541267264685601
-0.7183727762629235
-0.4748063084357834
-0.21948275079741303
0.04861619741593004
0.3289243975968002
0.5621656263149648
0.7112214175896654
0.8629899203324688
1.0173954410019477
1.1743616503206338
1.3338116004171152
1.4956677422450055
1.6598519432819732
1.8262855055201823
1.9948891837658027
2.1655832042734753
2.3382872837484694
2.5129206487522078
2.6894020555518448
2.8676498104563373
3.0475817906795943
3.2291154657706156
3.412167919646504
3.5966558732575167
3.782495707907708
3.9696034892457086
4.157894991933176
4.3472857249872305
4.537690957786158
4.729025746719645
4.921204962455064
5.1141433177865245
5.307755396027866
5.5019556799045315
5.696658580897689
5.891778468992319
6.087229702777834
6.282926659852048
6.478783767479946
6.674715533458754
6.870636577144678
7.066461660599118
7.262105719813751
7.457483895977781
7.652511566754518
7.847104377535169
8.041178272642387
8.234649526459002
8.4274347744578
8.619451044112521
8.810615785671999
9.000846902779458
9.19006278292246
9.378182327699957
9.565124982892693
9.750810768325477
9.935160307511
10.118094857063202
10.299536335871265
10.479407354024715
10.657631241479365
10.83413207645548
11.008834713559837
11.181664811621316
11.352548861232101
11.52141421198605
11.688189099404127
11.852802671538791
12.015185015249017
12.175267182135538
12.332981214128472
12.488260168718456
12.641038143821259
12.791250302267683
12.93883289590975
13.083723289333527
13.225859983169942
13.365182636994918
13.50163209180931
13.635150392089903
13.765680807403108
13.893167853571937
14.017557313387805
14.138796256859187
14.256833060987674
14.371617429063646
14.483100409473748
14.591234414011195
14.695973235681754
14.79727206599717
14.895087511749027
14.989377611254964
15.080101850070358
15.16722117615869
15.25069801451322
15.330496281223686
15.406581396981668
15.478920300018137
15.547481458467255
15.61223488215097
15.673152133778457
15.730206339555219
15.793221803858735
15.886269445693426
15.96348422505593
16.024723797155456
16.069871763795227
16.098837842597298
16.111681907628345
16.08711942307715
15.997465087486647
15.886165439089647
15.792683366582542
15.683321788953076
15.558240550116762
15.417624906623963
15.261685225769536
15.0906566440552
14.904798686490293
14.70439484728063
14.489752132520003
14.26120056556193
14.019092655810653
13.763802831730969
13.495726838935923
13.215281104267373
12.92290206684134
12.619045477083388
12.3454160666975
12.184687215951437
12.021377060974794
11.855549507428908
11.687269480993818
11.516602901295432
11.343616655431314
11.16837857110482
10.990957389379055
10.811422737060465
10.629845098722276
10.446295788379452
10.26084692082555
10.073571382642003
9.88454280289172
9.693835523507913
9.501524569388572
9.307685618209184
9.112394969964555
8.915729516250414
8.71776670929749
8.518584530769212
8.31826146033363
8.116876444022498
7.914508862388058
7.711238498469603
7.507145505580334
7.302310374926998
7.096813903073091
6.8907371592560915
6.684161452570812
6.47716829902912
6.269839388505968
6.062256551583119
5.8545017262999695
5.64665692482034
5.438804200025428
5.231025612041072
5.023403194706284
4.816018921991651
4.60895467437299
4.402292205165078
4.196113106820332
3.990498777194698
3.7855303857804263
3.581288839906249
3.3778547509001142
3.1753084002076295
2.973729705457025
2.773198186456121
2.5737929311008987
2.375592561171714
2.1786751979833996
1.9831184278466125
1.7889992672882264
1.5963941279628742
1.40537878117069
1.2160283218763361
1.0284171320961368
0.8426188434859754
0.658706298921843
0.4767515128092185
0.29682562978794985
0.1189988814138879
-0.056659459715830134
-0.23008112873688444
-0.4011986783410386
-0.569854530480426
-0.73488510484586
-0.8952886520846404
-1.0508757782061167
-1.201610464777592
-1.3474948363836603
-1.488545598057316
-1.6247864201241418
-1.7562448550516185
-1.8829508988428338
-2.0049362281006173
-2.1222337317481927
-2.23487717697319
-2.3429009428328693
-2.4463397967390144
-2.545228706670848
-2.6396026879450765
-2.729496684090708
-2.814945480216063
-2.8959836458727257
-2.972645503481372
-3.0449651180083697
-3.1129763036697233
-3.1767126438182514
-3.2362075206909053
-3.291494152251705
-3.342605633894089
-3.389574983231615
-3.432435186600577
-3.4712192462198033
-3.505960227209131
-3.5366913038714856
-3.563445804800493
-3.6049192192386905
-3.631227291511995
-3.6423089935619393
-3.638446906042139
-3.619930781731756
-3.587058403946329
-3.5401363184913994
-3.4794804438316915
-3.405416564349122
-3.318280711208922
-3.2184194345430748
-3.106189969366429
-2.9819602956978315
-2.8461090904098145
-2.699025563686691
-2.541109165313556
-2.372769132726517
-2.194423828357349
-2.0064997660949655
-1.8094301261034162
-1.6036523245166026
-1.389603596823073
-1.1677116787156678
-0.9383702305988294
-0.7018425451295945
-0.45733702092532913
-0.2008388263625179
0.06839901846138717
0.3498063757772136
0.5685014296929976
0.7177894115225892
0.8697873197840048
1.0244193895660159
1.1816092234188948
1.3412798084302386
1.5033535335503005
1.6677522071684017
1.8343970749529368
2.0032088379759756
2.174107671150095
2.3470132420139307
2.521844729908492
2.6985208455887464
2.8769598513187176
3.057079581498269
3.238797463865582
3.422030541316956
3.6066954943795877
3.792708664363149
3.979986077209286
4.1684434680482285
4.357996306460237
4.548559822431754
4.740049032986095
4.93237876945936
5.125463705385549
5.319218384949353
5.513557251958406
5.708394679284783
5.903644998724077
6.09922253121686
6.29504161738075
6.49101664829964
6.6870620965215215
6.883092547215531
7.079022729444294
7.274767547510686
7.470242112339518
7.6653617728599475
7.860042147357795
8.054199154768035
8.247749045882468
8.440608434450633
8.632694328152006
8.823924159421994
9.0142158161159
9.203487671994852
9.391658617020797
9.578648087449036
9.764376095705693
9.948763260040101
10.131730833942797
10.313200735318555
10.493095575405682
10.671338687433455
10.847854155007735
11.022566840216813
11.195402411449363
11.366287370915073
11.535149081859682
11.701915795466672
11.866516677435708
12.02888183422969
12.188942338982413
12.346630257056782
12.501878671245267
12.654621706604386
12.804794554913146
12.952333498747112
13.09717593515947
13.239260398959434
13.37852658557938
13.514915373522248
13.648368846379604
13.778830314411932
13.906244335682809
14.030556736737651
14.151714632818647
14.269666447608175
14.384361932491304
14.495752185329591
14.603789668738939
14.708428227862186
14.809623107629587
14.907330969499728
15.001509907672801
15.092119464769487
15.179120646968494
15.262475938595482
15.34214931615704
15.41810626181353
15.49031377628389
15.558740391176993
15.62335618074377
15.684132773044153
15.741043360523895
15.8054913700014
15.897984262484567
15.974631133154388
16.035290616424188
16.07984730683766
16.108211926629952
16.120524155602645
16.093673225101114
16.001710208361807
15.892364367370645
15.798412636549813
15.688578430062762
15.563022345399919
15.421930390359503
15.265513680021874
15.09400809409195
14.907673895095954
14.706795307983871
14.491680061754026
14.26265889377768
14.020085017565112
13.764333554773863
13.495800932318907
13.214904245502737
12.922080588137293
12.61778635068471
12.35016530707553
12.189328416944802
12.025909791708528
11.859973369354087
11.69158410780911
11.520807958861715
11.347711841679645
11.172363615937922
10.99483205456643
10.815186816127513
10.633498416833547
10.449838202216167
10.26427831845795
10.076891683396385
9.887751957212787
9.69693351281656
9.504511405935471
9.310561344924556
9.115159660304274
8.918383274039178
8.720309668569243
8.52101685560531
8.32058334469928
8.119088111602018
7.916610566419446
7.71323052157917
7.5090281596179675
7.304084000802975
7.0984788705971384
6.892293866979616
6.685610327633369
6.478509797010348
6.271073993284004
6.063384775201122
5.855524108842253
5.6475740342997565
5.439616632284238
5.231733990667321
5.024008170968337
4.816521174793752
4.609354910235168
4.402591158231071
4.196311538898073
3.9905974778340667
3.78553017239432
3.5811905579413708
3.37765927406556
3.175016630770108
2.9733425746135786
2.7727166547967443
2.573217989176058
2.374925230182276
2.177916530614088
1.9822695092681109
1.7880612163581464
1.5953680986623486
1.4042659643207487
1.214829947188495
1.0271344706233942
0.8412532105560235
0.6572590576537815
0.4752240783392689
0.29521947436136775
0.11731554053966728
-0.05841837979994792
-0.23191394195375262
-0.4031035892960859
-0.571824932563809
-0.7369007811279392
-0.8973423450103352
-1.0529642717979109
-1.2037315869163905
-1.3496469862583846
-1.4907276032135306
-1.6269974592999297
-1.7584843923909845
-1.88521861740657
-2.0072319627153057
-2.1245574048530482
-2.2372287414440626
-2.3452803346468176
-2.4487468987705507
-2.547663323460511
-2.6420645302462864
-2.731985361447822
-2.817460499679999
-2.898524415090237
-2.975211336665348
-3.0475552436172624
-3.1155898729269746
-3.179348739462288
-3.2388651655510454
-3.294172317399081
-3.3453032462266536
-3.3922909324282315
-3.435168331429093
-3.473968420215581
-3.5087242437591173
-3.539468960748483
-3.566235888196717
-3.607764417670985
-3.6340734160011863
-3.645151423326309
-3.641281070936744
-3.622752188149669
-3.5898626553808723
-3.5429191319125897
-3.4822376627728158
-3.408144169401645
-3.320974828474305
-3.2210763424793085
-3.1088061043871544
-2.984532256829531
-2.848633643285583
-2.701499644157924
-2.543529883003178
-2.375133774955776
-2.1967298651088933
-2.0087448571610405
-1.8116121326486063
-1.6057693299046953
-1.3916539488088409
-1.1696940893292387
-0.9402840786180156
-0.7036893666600765
-0.45913816092085513
-0.202617464107079
0.0666474065687316
0.3480862017541699
0.5629622800187599
0.712197528688533
0.8641456048597317
1.0187307261504686
1.1758764781137843
1.3355058313334793
1.497541158763528
1.661904253313056
1.828516345686432
1.9972981224983788
2.168169744692438
2.3410508662971425
2.5158606535617607
2.692517804518028
2.8709405690149055
3.051046769275486
3.23275382102313
3.4159787552183216
3.6006382404435024
3.7866486059653885
3.9739258654940555
4.162385741649924
4.351943691139819
4.54251493063167
4.734014463309317
4.926357106080659
5.119457517402273
5.3132302256794715
5.507589658195602
5.702450170518779
5.897726076333658
6.0933316776451
6.289181295298551
6.485189299765126
6.681270142140831
6.86028310974185
6.8604791513907815
