0.0
0.001007033851052031
0.004036893306650095
0.009225421593176799
0.01802236689311517
0.031402840640620225
0.04944392295101871
0.07208423666057842
0.09922668960835686
0.13076009282934403
0.16656655558752534
0.20652471683304263
0.25051138734135614
0.2984024755550148
0.35007355118340816
0.40540020936348126
0.4642583176009873
0.5265241901584462
0.5920747156170733
0.660787453159962
0.7325407073558904
0.807213587807106
0.8846860579234307
0.9648389757498175
1.0475541289015422
1.1327142650759492
1.220203119208402
1.309905438059615
1.401707002821841
1.4954946501869326
1.5911562922134075
1.6885809352508705
1.7876586981208555
1.8882808297081959
1.9903397260824638
2.093728947242283
2.1983432335545436
2.304078521944074
2.410831961876758
2.5185019311686414
2.6269880516457302
2.7361912046728487
2.8460135465648326
2.9563585238897523
3.0671308886706967
3.1782367134907563
3.289583406504263
3.4010797263566834
3.512635797015343
3.624163122513382
3.7355746016104856
3.846784542375409
3.957708676697284
4.0682641747362265
4.178369659327118
4.28794522035562
4.396912429131902
4.505194352795545
4.612715568794956
4.719402179497961
4.825181827006639
4.929983708270419
5.0337385906198175
5.136378827878684
5.237838377261625
5.338052817326863
5.436959367342868
5.534496908546329
5.630606007937169
5.7252289454931145
5.818309746029358
5.909794217433416
5.999629997764774
6.087766614880883
6.174155564111153
6.258750412546333
6.341506943688865
6.4223833653901625
6.5013406211256
6.578342878574629
6.653358341780092
6.726360702087811
6.797331986904717
6.866268927158319
6.93320011024565
7.010927753948486
7.136643116627613
7.258731708270754
7.377086600446287
7.491518730745512
7.6018454306860805
7.707890792745498
7.809485950723426
7.906469348500027
7.998686996792142
8.085992717499312
8.168248375252297
8.245324095797658
8.31709847087283
8.383458749249991
8.444301013647156
8.49953034323009
8.54906096145108
8.592816368994637
8.630729461624668
8.648975600886493
8.66410265829258
8.677742078698419
8.689888819160169
8.700538442407712
8.709687118446368
8.71733162591211
8.723469353180276
8.728098299226959
8.731217074243295
8.732824900001978
8.732921609976252
8.731507649211347
8.72858407394831
8.724152551000877
8.718215356885285
8.71077537670358
8.701836102781222
8.691401633059106
8.679476669241263
8.66606651469875
8.651177072130583
8.634814840983237
8.616986914718293
8.597700980034066
8.57696531218762
8.554788768413456
8.531180785818274
8.506151377672866
8.479711129223402
8.451871193238311
8.422643285318202
8.392039678977016
8.360073200497272
8.326757223562986
8.292105663672366
8.25613297233304
8.218854131042013
8.180284645053058
8.14044053693419
8.099338339917736
8.056995091045875
8.013428324114674
7.968656062419138
7.922696811302547
7.875569550513163
7.827293726371422
7.777889243750768
7.72737645787545
7.675776165938809
7.623109598545399
7.569398410980322
7.514664674309717
7.458930866315601
7.402219862269309
7.344554925546763
7.285959698089893
7.226458190717819
7.166074773291968
7.104834164738879
7.042761422935177
6.9798819344583505
6.9162214042081285
6.85180584490205
6.786661566450096
6.720815165212257
6.654293513143807
6.587123746832352
6.519333256431513
6.450949674495353
6.382000864718405
6.312514910585762
6.242520103937823
6.172044933454438
6.1011180730630645
6.029768370275704
5.958024834459262
5.885916625044319
5.813473039676792
5.740723502317546
5.667697551294739
5.5944248273136745
5.520935061429037
5.447258062984522
5.3734237075245455
5.29946192468314
5.225402686054773
5.151275993052125
5.077111864755653
5.002940325759968
4.928791394021825
4.854695068714664
4.780681318094797
4.706780067383845
4.633021186672554
4.5594344788507115
4.486049667568346
4.412896385232591
4.340004161045506
4.267402409087437
4.195120416450825
4.123187331429075
4.051632151765608
3.980483712967371
3.9097706766880087
3.83952151918487
3.7697645198548715
3.7005277498537055
3.6318390608029305
3.5637260735895557
3.496216167262555
3.429336468030866
3.3631138383672
3.2975748662220696
3.2327458543524203
3.168652809768998
3.1053214333069383
3.042777109323429
2.9810448955269004
2.9201495129415656
2.8601153360114884
2.8009663828480607
2.7427263056247955
2.685418381123331
2.6290655014343116
2.5736901648170236
2.519314466721237
2.4659600909750368
2.4136483011419987
2.3623999320511904
2.3122353815035006
2.263174602157331
2.2152370935971866
2.1684418945880797
2.122807575518934
2.0783522310379468
2.0350934728828944
1.9930484229091208
1.952233706318081
1.9126654450890244
1.8743592516164842
1.837330222556113
1.8015929328812155
1.7671614301524632
1.734049229003028
1.702269305841387
1.6718340937740974
1.6427554777508055
1.6150447899340326
1.5887128052971384
1.563769737456315
1.5402252347526895
1.5180883766590654
1.49736767105778
1.4780710515815134
1.4602058714875485
1.443778901832896
1.4287963294824793
1.4152637547994449
1.4031861895667301
1.3925680551474517
1.3834131808848453
1.3757248027422826
1.3695055621838614
1.3647575052959529
1.3614820821859392
1.359680186367185
1.3593863878308763
1.3615642828199956
1.3675135074353135
1.377467126333377
1.391429194875806
1.4093535665793149
1.431175109540076
1.4568194311358427
1.4862069086000065
1.5192546693714044
1.5558776827291565
1.5959894144143034
1.6395022456852553
1.686327756189747
1.7363769236529574
1.7895602704546714
1.8457879750455153
1.9049699593774536
1.9670159595575705
2.031835584519197
2.099338365982854
2.16943380199213
2.2420313956521363
2.3170406902497724
2.394371301623491
2.4739329484290717
2.5556354807887716
2.639388907694777
2.7251034234514844
2.8126894333763
2.902057578929285
2.9931187624043956
3.085784171285477
3.179965302347509
3.275573985565404
3.372522407878352
3.4707231368463267
3.5700891442260216
3.670533829486166
3.771971043275998
3.87431511085579
3.97748085549432
4.081383621834733
4.185939299227492
4.291064345027153
4.396675807847238
4.502691350766647
4.609029274479157
4.715608540376817
4.822348793557209
4.929170385743693
5.035994398107265
5.142742663978159
5.249337791435007
5.355703185759101
5.461763071741025
5.567442515826961
5.672667448091527
5.77736468402443
5.881461946117827
5.984887885241565
6.087572101793341
6.18944516661125
6.290438641635781
6.390485100309038
6.4895181476988135
6.58747244033527
6.684283705748423
6.77988876169481
6.874225535061651
6.967233080437527
7.0588515983385465
7.149022453079417
7.237688190279014
7.324792553990534
7.410280503446535
7.49409822940952
7.576193170119074
7.656514026827277
7.735010778913921
7.811634698574189
7.886338365071423
7.959075678548437
8.029801873391081
8.098473531138973
8.165048592937843
8.263005065550011
8.382933875912023
8.493784752526938
8.59528877956235
8.68720005239623
8.769295941685277
8.841377329206148
8.903268817335093
8.954818915143393
8.995900205744885
9.026409502089733
9.046268002482906
9.05542146388483
9.053840422784969
9.041520514761622
9.01848298484713
8.984775565253296
8.940474086179012
8.885685657520565
8.82055561993946
8.745285271796975
8.660190618515367
8.566007287649304
8.464799194343698
8.357982813288666
8.245800495996306
8.128437552621776
8.00608722421132
7.878950697746947
7.747236776548899
7.677689309938748
7.609089357036787
7.539455541598711
7.468816372821607
7.397200757613743
7.324637988769609
7.251157732992757
7.176790018771005
7.101565224109213
7.025514064124544
6.948667578509286
6.871057118866235
6.79271433592206
6.713671166623587
6.633959821122466
6.553612769653419
6.472662729311493
6.391142650733484
6.309085704689332
6.226525268588559
6.143494912907495
6.060028387542696
5.976159608096137
5.891922642097646
5.807351695170389
5.722481097144833
5.637345288126942
5.551978804526092
5.466416265048653
5.38069235666256
5.29484182053897
5.2088994379762035
5.122900016312267
5.036878374831088
4.95086933066852
4.86490768472383
4.779028207582049
4.693265625453242
4.607654606134245
4.52222974499947
4.437025551540635
4.352076438024061
4.267416701314452
4.183080508866939
4.099101886076631
4.015514702689992
3.932352659177621
3.849649273160339
3.767437865908254
3.6857515489213957
3.6046232105986253
3.524085503000724
3.444170828713099
3.364911327813517
3.2863388649502006
3.2084850165354406
3.131381058059946
3.0550579515330076
2.9795463330535323
2.90487650051692
2.8310784014627512
2.7581816210681267
2.686215370291502
2.6152084741717667
2.545189360287179
2.4761860473789112
2.408226134143615
2.341336788199618
2.275544735231051
2.2108762483143054
2.147357137431102
2.085012739172202
2.0238679066361622
1.963946999526799
1.9052738744536328
1.847871875438926
1.7917638246352432
1.7369720132571367
1.6835181927306335
1.6314235660639447
1.5807087794429
1.5313939140544077
1.483498478141119
1.4370413992905866
1.3920410169617583
1.348515075251944
1.3064807159069873
1.2659544715774422
1.2269522593233835
1.1894893743704174
1.1535804841193213
1.119239622411689
1.0864801840537504
1.0553149196005882
1.0194416276720901
0.9659095382130714
0.9189399638416015
0.8786047070746101
0.8449647882569116
0.8180703537293027
0.797960601652535
0.7846637255958971
0.7781968759702858
0.7785661393567477
0.7857665357524766
0.799782033727256
0.8205855834543127
0.8481391675507172
0.8823938696336348
0.9232899604701564
0.9707570015700652
1.0247139660427544
1.0850693765117454
1.151721459852814
1.2245583184948232
1.303458117995736
1.388289290580769
1.4789107543046243
1.575172147477156
1.6769140779742864
1.7839683870619163
1.8961584275551027
2.013299359767334
2.135198458700609
2.261655415581525
2.3613429174398037
2.4278280287314282
2.4953327412934416
2.563829412084032
2.6332900054931145
2.7036861048130176
2.774988923859621
2.847169318739347
2.9201977997571547
2.994044543460618
3.068679404815209
3.1440719295058517
3.2201913663597015
3.2970066798850297
3.3744865629211827
3.45259944939445
3.531313527174554
3.610596751026688
3.69041685565377
3.7707413688289426
3.851537625031558
3.932772813168611
4.014416762845679
4.096565928961994
4.179904338904597
4.264952947927187
4.351815409007814
4.440481507324039
4.5309054578258605
4.623026268068078
4.716775126827232
4.8120787182598015
4.90886093338555
5.007043847977533
5.106548326093572
5.207294416271562
5.3092016253158025
5.412189116013754
5.516175855552109
5.621080730842551
5.726822640968922
5.833320573409538
5.940493668497118
6.048261275185362
6.156543000279112
6.265258752674478
6.374328783734937
6.483673724637127
6.593214621310661
6.702872967445203
6.812570735927511
6.922230408988033
7.031775007274741
7.141128118024579
7.250213922466201
7.35895722255952
7.46728346715534
7.575118777640751
7.6823899731221
7.789024595186284
7.894950932271733
8.000098043673516
8.104395783201056
8.207774822501836
8.3101666740607
8.411503713880855
8.511719203850415
8.610747313795521
8.708523143219459
8.804982742726146
8.900063135123958
8.993702336206052
9.085839375201434
9.176414314891337
9.265368271383862
9.352643433540186
9.438183082044667
9.521931608111478
9.603834531819743
9.68383852006903
9.76189140414738
9.837942196903189
9.911941109513295
9.98383956783865
10.053590228359647
10.121146993683032
10.18646502761217
10.249500769773686
10.310211949791384
10.36855760100133
10.424498073699906
10.477995047917892
10.529011545713688
10.577511942978974
10.623461980750045
10.696512679409674
10.771533633354647
10.835782866685568
10.889056059508995
10.931171850949289
10.961972046808619
10.98132179221932
10.989109708905874
10.98524799676586
10.969672499578524
10.942342734758117
10.903241887189592
10.852376767321282
10.789777733849075
10.71549858151451
10.62961639477399
10.532231368390459
10.42346659638549
10.30346783131106
10.17240321652613
10.030462995209005
9.877859201385377
9.714825340628762
9.541616071853323
9.358506907806266
9.165793962443695
8.963793792305193
8.752843414701088
8.533300657195484
8.327061915897039
8.210587423190907
8.092203222924768
7.971963995084077
7.849926830311246
7.726151888350218
7.600703517854033
7.473652268686651
7.345078746786722
7.215081444655663
7.083792393996852
6.951397278368351
6.8181112069425955
6.684091350375915
6.549424864707704
6.4141731362800805
6.278392234651921
6.142137459543723
6.00546412826173
5.86842768561969
5.731083702042463
5.593487854104101
5.4556959024017235
5.317763669024407
5.179747014952289
5.041701817440336
4.903683947401736
4.76574924680113
4.627953506066616
4.490352441530063
4.3530016729044725
4.215956700807627
4.079272884341271
3.943005418734621
3.8072093130613487
3.6719393680391588
3.5372501539206227
3.403195988484418
3.2698309151358402
3.1372086811252706
3.0053827158934845
2.8744061095525564
2.744331591510871
2.615211509251024
2.48709780726903
2.360042006183358
2.2340951820221786
2.1093079456971693
1.9857304226720802
1.863412232834279
1.7424024705773042
1.6227496851025058
1.5045018609926113
1.387706400790623
1.272410105686923
1.1586591531835884
1.0464990801661718
0.9359747650619172
0.8271304099471137
0.7200095228927097
0.6146549005864591
0.511108611245176
0.4094119778259032
0.30960556154342284
0.21172914570099438
0.11582171984089153
0.021921464221137228
-0.06993426537536017
-0.15970895249319952
-0.24736693451249503
-0.332873416806734
-0.4161944865448566
-0.4972971261320933
-0.5761492262842206
-0.6527195987300735
-0.7269779885372887
-0.7988950860564037
-0.8684425384786174
-0.935592961002621
-1.0003199476061675
-1.0625980814180862
-1.1224029446867076
-1.1797111283407773
-1.2345002411391386
-1.2867489184055942
-1.3364368303455556
-1.3835446899412422
-1.4280542604223747
-1.4699483623094902
-1.5092108800271185
-1.5458267680843527
-1.579782056820371
-1.6110638577128003
-1.6396603682468565
-1.6655608763434597
-1.6887557643446711
-1.7092365125549718
-1.727126762796436
-1.7544098477361412
-1.7707451836802124
-1.7761133564063805
-1.7705127117834283
-1.753959347054294
-1.7264870733986988
-1.6881473498542994
-1.639009188721664
-1.5791590326244183
-1.5087006034417227
-1.4277547233755412
-1.3364591084600936
-1.2349681348653754
-1.123452578390264
-1.002099327584002
-0.8711110709771024
-0.7307059589443577
-0.581117240763245
-0.4225928774707325
-0.25539513116006984
-0.07980013139641294
0.10390258053415957
0.2954105287947679
0.49440880081320154
0.7005705649697682
0.9135576076166163
1.1330208927242391
1.3586011343389934
1.5899293713653175
1.826627577005849
2.0369876852819395
2.159283737390262
2.282690163709493
2.407156670702164
2.5326325519593267
2.6590667088517312
2.7864076713331443
2.9146036188872744
3.043602401609826
3.1733515614170904
3.303798353372462
3.434889767122186
3.5665725484316573
3.6987932208135343
3.831498107238823
3.964633351922197
4.098144942172666
4.231978730300698
4.366080455573092
4.5003957662063625
4.6348702413900975
4.769449413331134
4.90407878930965
5.038703873738381
5.17327019021591
5.307723303566453
5.442008841869548
5.576072518630256
5.709860157121804
5.8433177437970825
5.976391873509765
6.109035417103925
6.241263681220712
6.373303616512291
6.505427275242024
6.637737507459486
6.770239967014445
6.9029017200850085
7.035672498813846
7.168493095878854
7.301299221401142
7.4340235056126565
7.566596641951176
7.698948090260836
7.831006536659537
7.9627002101484345
8.093957110477344
8.224705178659125
8.354872429071897
8.484387055031956
8.613177515549461
8.741172608419008
8.86830153317647
8.994493946395766
9.119680011094148
9.243790441531338
9.36675654435214
9.488510256783004
9.608984182421336
9.728111625029852
9.845826620655416
9.9620639683205
10.076759259483303
10.189848906420531
10.301270169655474
10.410961184529413
10.51886098699426
10.624909538689199
10.729047751351674
10.831217510602203
10.9313616991363
11.029424219347634
11.125350015403486
11.21908509478773
11.310576549323155
11.39977257568292
11.48662249539649
11.571076774355824
11.653087041823223
11.732606108943225
11.809587986758219
11.883987903726899
11.955762322743922
12.024868957658876
12.091266789291131
12.154916080937781
12.215778393370737
12.273816599319439
12.328994897434743
12.381278825730282
12.430635274496227
12.477032498681972
12.520440129742656
12.560829186945767
12.59817208813287
12.648695919567093
12.704735504975941
12.748165358762648
12.778833635888207
12.796611871882233
12.801395164557778
12.787094144916749
12.721844046647456
12.648337136748589
12.578278972971852
12.495137250227538
12.398990390041812
12.289940365105872
12.168112513918723
12.033655317927323
11.886740141504081
11.727560935175633
11.556333902593977
11.37329713181921
11.178710191566399
10.972853693155864
10.756028818998944
10.528556818553854
10.290778472798566
10.043053528398751
9.785760102900106
9.593462645788977
9.458115230609947
9.320601405215184
9.18097480301099
9.039290053112007
8.895602758389836
8.749969473246576
8.602447681142548
8.453095771910075
8.301973018890854
8.149139555940051
7.994656354346255
7.838585199726195
7.6809886689630815
7.521930107271015
7.361473605485143
7.199683977698869
7.036626739397309
6.8723680862729735
6.706974873957241
6.54051459896483
6.373055381233324
6.204665948756064
6.035415624964763
5.865374319740162
5.694612525242231
5.523201318200988
5.351212370968365
5.178717974611949
5.005791078825453
4.832505355753719
4.658935298533525
4.485156371405376
4.3112452384151565
4.137280115230464
3.9633413193893468
3.789512148845297
3.6158803120743186
3.4425402675315047
3.269596878201003
3.097169989442365
2.9253957336407033
2.7544150779434453
2.5843517564062464
2.4153032112220334
2.247349056441535
2.0805608336341512
1.915006899155042
1.7507542240979899
1.5878689676489763
1.426416636493805
1.2664621140775218
1.1080696506774435
0.9513028421673815
0.7962246057502492
0.6428971550538162
0.4913819752695398
0.34173979852798836
0.19403057956975636
0.04831347173441511
-0.09535319671962235
-0.23691194595283824
-0.3763061671320099
-0.5134801427982362
-0.6483790725575701
-0.7809490954838814
-0.9111373105445258
-1.0388917975543128
-1.1641616378405573
-1.2868969345170147
-1.4070488323438255
-1.524569537161753
-1.6394123348917655
-1.7515316100919152
-1.8608828640639024
-1.9674227325021065
-2.07110900267794
-2.1719006301527473
-2.269757755012667
-2.3646417176188637
-2.456515073867121
-2.5453416099506043
-2.631086356620063
-2.7137156029358285
-2.7931969095062144
-2.8694991212071286
-2.9425923793778948
-3.0124481334885798
-3.0790391522741607
-3.142339534331306
-3.2023247181735988
-3.25897149174131
-3.3122580013621055
-3.3621637601590937
-3.408669655903201
-3.451757958306646
-3.4914123257549434
-3.5276178114747303
-3.560360869135233
-3.589629357881176
-3.615412546795338
-3.6495387414945424
-3.679329510073375
-3.6950559609121734
-3.696701665914755
-3.6842729936684133
-3.657799084510177
-3.6173317887589116
-3.562945568236761
-3.4947373612629002
-3.412826411361511
-3.3173540599843125
-3.208483503606288
-3.086399515610512
-2.9513081334345372
-2.803436311507015
-2.643031540557996
-2.470361433940382
-2.285713281652959
-2.0893935728070656
-1.8817274873292846
-1.6630583577410742
-1.4337471019025576
-1.194171627649155
-0.944726210276598
-0.6858208437686778
-0.4178805651762303
-0.1413447504168991
0.14333359264952394
0.4356885675185065
0.7352421539189116
1.0415049891401165
1.2193543854608084
1.3765420475762578
1.5351456426147305
1.69510053602545
1.8563415671395538
2.018803075706751
2.1824189286255775
2.3471225468565082
2.5128469325068354
2.679524696076479
2.8470880838534227
3.015469005447917
3.184599061454108
3.3544095712280124
3.52483160077078
3.6957959907063085
3.8672333843429283
4.039074255810206
4.211248938265685
4.383687652175937
4.556320533701482
4.729077663285166
4.901889094737467
5.074684885671036
5.247395131779498
5.419950012411935
5.592279870186842
5.764315395462927
5.935988138435359
6.107232035457805
6.277987829431171
6.448213579509248
6.617898294532334
6.787057585960484
6.955705576122708
7.123835815085901
7.291421470012634
7.4584214954571815
7.624785751446473
7.790458288876672
7.955379370853122
8.11948673783723
8.282716427503896
8.445003327031126
8.606281559620026
8.766484764950173
8.925546309645574
9.083399450223082
9.239977462932401
9.395213749975998
9.549041928513322
9.701395906865773
9.852209951032368
10.00141874374383
10.148957437678122
10.294761704037272
10.438767777384285
10.580912497421734
10.72113334823465
10.859368495401984
10.995556821292588
11.129637958794369
11.261552323673728
11.391241145722066
11.518646498815862
11.643711329991381
11.76637948761583
11.886595748721748
12.004305845558324
12.119456491403026
12.23199540566982
12.341871338341793
12.449034093752607
12.553434553734503
12.65502470014813
12.753757636806348
12.8495876108007
12.942470033238033
13.032361499392188
13.119219808274703
13.203003981626967
13.283674282335188
13.361192232268698
13.435520629541466
13.506623565196206
13.574466439309278
13.639015976515514
13.700240240950185
13.758108650606445
13.812591991105627
13.863662428877557
13.911293523749022
13.955460240936574
13.996138962442004
14.03714521274733
14.100090711384215
14.148758278013897
14.183024023934937
14.202787740687489
14.207973096620442
14.198527793719968
14.137928840209284
14.017960275821274
13.92317537907934
13.824853150417873
13.71222409705767
13.585431263532177
13.44464131755752
13.290044304726235
13.121853364556964
12.940304408361241
12.745655759448933
12.538187756255528
12.318202319034336
12.086022480817153
11.841991883405514
11.586474239212844
11.319852759835856
11.042529552289547
10.754924983895863
10.580144134667211
10.429782826677888
10.277084690602578
10.122108301939198
9.96491321999829
9.805559964195963
9.644109989949241
9.480625664182686
9.315170240457821
9.147807833734754
8.978603394777547
8.807622684213998
8.634932246260814
8.46059938212586
8.284692123098587
8.107279203340699
7.928430032389197
7.748214667383396
7.566703785029137
7.383968653312182
7.200081102974165
7.015113498764179
6.82913871047954
6.642230083809459
6.454461410995943
6.265906901326422
6.076641151473003
5.886739115693852
5.696276075912706
5.505327611692929
5.313969570123418
5.122278035634309
4.930329299761438
4.738199830879189
4.545966243923253
4.353705270125343
4.161493726784364
3.969408487100031
3.7775264500975165
3.585924510674356
3.394679529804534
3.203868304938484
3.0135675406431424
2.823853819532083
2.6348035735436834
2.4464930556346673
2.2589983119682757
2.072395154691215
1.8867591354127153
1.7021655195227579
1.518689261517989
1.336404981543748
1.1553869434131938
0.9757090344336966
0.7974447474626022
0.6206671657378835
0.445448951196817
0.271862337225439
0.09997912709996964
-0.07012930017214815
-0.2383919742710344
-0.4047383049953489
-0.569098036145463
-0.7314011753868886
-0.8915778908308216
-1.0495583608755266
-1.2052724576750484
-1.358644842722742
-1.5095856168271387
-1.6580007886655816
-1.8037995069004131
-1.9468954233126048
-2.0872069272595306
-2.2246569335162154
-2.35917240344276
-2.4906837203581667
-2.619124022901489
-2.744428579107557
-2.8665342605687636
-2.9853791556908584
-3.1009023434769847
-3.2130438312704546
-3.3217446402840163
-3.4269470047001422
-3.5285946390312253
-3.6266330276910552
-3.721009699306232
-3.811674461725694
-3.8985795870379683
-3.981679946043079
-4.060933097672811
-4.136299341438927
-4.2077417412844325
-4.275226128297919
-4.338721088380759
-4.39819793956339
-4.453630702449728
-4.5049960662903095
-4.552273352437998
-4.595444476388409
-4.634493909210409
-4.680302365894007
-4.734865795752875
-4.772790397305503
-4.794065132817462
-4.798715483448263
-4.786802336486669
-4.758420898546737
-4.713699628193501
-4.6527991818092405
-4.575911367121832
-4.483258099447013
-4.375090356230411
-4.251687125853751
-4.113354346847044
-3.960423833572337
-3.793252184027784
-3.612219664514205
-3.417729064242407
-3.2102045100405903
-2.990090226177638
-2.757849214924177
-2.513961815160896
-2.258924056829816
-1.9932456290806246
-1.7174469506023475
-1.432053001694598
-1.1375589837935198
-0.834352848379903
-0.5227940187549962
-0.3267195353983594
-0.16553520820712003
-0.002469838448092219
0.16242409034630914
0.3290927908707989
0.49748118407985137
0.6675329145080119
0.8391903703293239
1.0123947096197043
1.187085894150067
1.363202731739706
1.5406829277501157
1.7194631457375351
1.8994790766673195
2.0806655154940676
2.26295644339309
2.4462851135408425
2.6305841381120993
2.8157855740979074
3.0018210056427437
3.1886216208346068
3.3761182812368418
3.564241582899562
3.752921908102132
3.9420894676200655
4.131674333838853
4.321606465510108
4.511815725323249
4.702231891721079
4.892784666507601
5.0834036797877
5.2740184936603285
5.464558605891411
5.654953454552135
5.845132424355089
6.035024855178676
6.224560053057752
6.413667303743156
6.602275888798552
6.79031510410661
6.977714280593468
7.164402806944837
7.350310154072009
7.535365901085458
7.719499762544657
7.902641616767941
8.084721535006755
8.26566981130876
8.445416992915078
8.623893911057
8.801031712034673
8.976761888476656
9.15101631069424
9.323727258055348
9.49482745031477
9.664250078846225
9.831928837729325
9.997797954650894
10.16179222158632
10.323847025230416
10.483898377151531
10.641882943645701
10.797738075270548
10.951401836040331
11.102813032265995
11.251911241025143
11.398636838248462
11.542931026409864
11.684735861808832
11.823994281433759
11.96065012939642
12.09464818292738
12.225934177923158
12.354454834036249
12.480157879299428
12.602992074275893
12.722907235727382
12.839854259792231
12.95378514466609
13.064653012777649
13.172412132452383
13.27701793905715
13.37842705561893
13.47659731291106
13.571487769000194
13.663058728248197
13.75127175976237
13.836089715288256
13.917476746539007
13.995398321956047
14.069821242895163
14.140713659233125
14.208045084389308
14.271786409757988
14.331909918545927
14.388389299011273
14.441199657099226
14.4903175284703
14.53572088991717
14.602868417374188
14.669926058698913
14.7217942036133
14.758369432704837
14.779572448533361
14.785348257053645
14.764967164256372
14.683720263141216
14.562940656619043
14.472685951264268
14.367338223113792
14.247044378540988
14.111975360020283
13.962325908699485
13.798314287326374
13.620181964005551
13.428193257321778
13.222634943427495
13.003815825751627
12.772066268045828
12.527737691542896
12.271202037058993
12.002851192926741
11.723096389702098
11.432367562640174
11.13111268298778
10.970764605009052
10.813785752738882
10.6544142220265
10.492711795326212
10.32874122102522
10.162566188784231
9.994251304484115
9.823862064789047
9.651464831336712
9.477126804565913
9.300915997192705
9.122901207345562
8.94315199137101
8.761738636320556
8.578732132130792
8.394204143507553
8.208226981526174
8.02087357495947
7.8322174413453345
7.642332657805723
7.4512938316297666
7.259176070632499
7.066054953302153
6.872006498748177
6.677107136462696
6.4814336759082165
6.285063275944055
6.088073414104892
5.890541855744074
5.692546623055074
5.4941659639843285
5.295478321048627
5.09656230007092
4.897496638847811
4.698360175762717
4.499231818358493
4.300190511883507
4.101315207825308
3.902684832446535
3.704378255337207
3.5064742579983537
3.3090515024718994
3.112188500032052
2.915963579953691
2.72045485837359
2.5257402072607342
2.3318972235123656
2.1390031981929627
1.947135085933927
1.7563694745123781
1.5667825546283902
1.3784500899009213
1.191447387103717
1.0058492666639676
0.821730033447992
0.6391634478601679
0.4582226972836159
0.2789803678939033
0.10150841688037418
-0.07412185488628324
-0.24783982969664628
-0.4195755993057833
-0.589259990640129
-0.7568245908419112
-0.9222017715737298
-1.0853247124913643
-1.2461274234134887
-1.4045445602805826
-1.560504684299592
-1.7139195563304637
-1.8646956875601688
-2.0127409989691847
-2.1579659636565096
-2.30028387363118
-2.4396108915978707
-2.575866032003602
-2.708971120277279
-2.8388507507243186
-2.965432251943965
-3.0886456628388603
-3.208423719112517
-3.3247018484705326
-3.437418172022193
-3.546513509284316
-3.6519313844673733
-3.7536180321852437
-3.8515224012422578
-3.945596155629159
-4.03579367226103
-4.122072035299394
-4.204391027120388
-4.282713116134664
-4.35700344174677
-4.427229796779657
-4.493362607696169
-4.55537491293554
-4.613242339657064
-4.666943079151814
-4.7164578611492285
-4.7617699272128835
-4.825343467952221
-4.889777713810566
-4.937221887029313
-4.967659439224116
-4.981110506946817
-4.977630948067668
-4.957311368113037
-4.920276137562122
-4.8666824002283455
-4.7967190722940725
-4.710605831215152
-4.608592093481048
-4.490955980039372
-4.3580032680144924
-4.210066327110166
-4.047503038710512
-3.8706956950773703
-3.680049874997849
-3.4759932904284683
-3.258974595430304
-3.0294621425010138
-2.787942658653262
-2.5349197841554933
-2.2709123370049475
-1.9964518880576692
-1.7120776913134312
-1.418307669653889
-1.1155531920496558
-0.8041843830042589
-0.6079401802582851
-0.4466768876209211
-0.28347150197298254
-0.11837723064246526
0.048551567671947904
0.21725941299214152
0.3876897348195525
0.559784903590171
0.7334862628459788
0.908734162133254
1.085467990625932
1.2636262114584071
1.4431463967368916
1.6239652631824644
1.8060187083432335
1.9892418472978346
2.173569049759265
2.358933977477148
2.545269621828933
2.732508341486237
2.920581900042823
3.109421503494144
3.2989578374664887
3.489121104104515
3.6798410585397847
3.8710470448787397
4.0626680316652815
4.254632646790306
4.446869211837194
4.639305775867489
4.831870148664714
5.024489933465775
5.217092559217889
5.409605312406028
5.601955368499444
5.7940698230675975
5.985875722615679
6.177300095187478
6.368269980780558
6.558712461613544
6.748554692280818
6.937723929823929
7.126147563743422
7.313753145969793
7.500468420805401
7.686221354846038
7.870940166884537
8.054553357795832
8.236989740398691
8.41817846928621
8.59804907061509
8.776531471840878
8.953556031385013
9.12905356821803
9.302955391342305
9.475193329156925
9.645699758686987
9.81440763465899
9.981250518404238
10.146162606572
10.309078759634728
10.469934530167098
10.628666190882026
10.785210762406194
10.939506040778683
11.091490624656862
11.241103942213108
11.388286277708003
11.532978797724477
11.675123577049487
11.814663624188547
11.951542906500388
12.085706374938683
12.217099988388217
12.345670737583665
12.471366668599279
12.594136905898031
12.713931674929851
12.83070232426778
12.944401347272597
13.05498240327559
13.162400338270446
13.266611205104713
13.367572283162389
13.465242097529122
13.559580437631489
13.65054837534283
13.738108282548069
13.822223848159792
13.902860094579058
13.979983393594013
14.053561481709542
14.123563474902324
14.189959882794913
14.252722622243496
14.311825030333587
14.367241876778857
14.418949375718201
14.474980164237762
14.558321068450496
14.626492548660181
14.67937147827791
14.716858902178368
14.738880241767044
14.745361438960597
14.711202530530368
14.615002176469432
14.50285478469626
14.408812349478517
14.299668204610805
14.175582025243507
14.036737536397089
13.883342247645048
13.715627148345682
13.533846363938387
13.338276773880999
13.129217591867228
12.906989909022995
12.671936200840022
12.424419798663685
12.164824326608763
11.893553104833375
11.611028520154935
11.317691365046311
11.047129186291755
10.892073610107383
10.734595871148677
10.574757729119908
10.412621915988424
10.248252111204092
10.081712916525744
9.913069830464144
9.74238922235289
9.569738306057017
9.395185113330989
9.218798466836873
9.04064795283367
8.860803893549441
8.67933731924737
8.496319939998035
8.311824117168786
8.12592283464298
7.938689669780419
7.750198764131874
7.5605247939194
7.369742940295409
7.177928859392639
6.98515865217816
6.791508834124061
6.597056304707771
6.4018783167554485
6.206052445641329
6.009656558356778
5.812768782462376
5.615467474937113
5.417831190938154
5.219938652485545
5.021868717086191
4.823700346311237
4.625512574341964
4.427384476498809
4.22939513776895
4.0316236213478875
3.834148937210825
3.6370500107303654
3.4404056513569037
3.2442945213792247
3.0487951047829442
2.8539856762253812
2.6599442701461316
2.466748650033593
2.2744762778687777
2.0832042837689477
1.8930094358553973
1.7039681103710713
1.5161562620764073
1.3296493949539037
1.1445225332552118
0.9608501929283695
0.7787063534670711
0.5981644302294916
0.4192972472808337
0.24217701082188367
0.06687528327584276
-0.10653704188186383
-0.2779897644509003
-0.4474134008714891
-0.6147392064853622
-0.7798991965197684
-0.9428261655846155
-1.1034537053474753
-1.261716170303266
-1.4175450904022486
-1.570857232525789
-1.7215617200257352
-1.8695686131416172
-2.014790431617172
-2.157142395569901
-2.296542397645351
-2.432910907169745
-2.566170873926885
-2.6962476587443067
-2.823068999574389
-2.9465650115331252
-3.0666682138963175
-3.1833135749222894
-3.2964385655173505
-3.405983214238821
-3.511890158155477
-3.614104686106869
-3.7125747726093583
-3.807251101931021
-3.898087082706323
-3.985038853956851
-4.068065283617029
-4.147127960719451
-4.222191182342566
-4.293221936313297
-4.360189880524034
-4.42306731958679
-4.481829179419148
-4.536452980243218
-4.5869188083812436
-4.63320928715027
-4.709999547297086
-4.773895244845257
-4.820894271900913
-4.85098185302422
-4.864179910505534
-4.860546062473644
-4.8401726187452745
-4.803185573945657
-4.749743596762253
-4.680037013854523
-4.594286786787412
-4.492743480289084
-4.375686220085178
-4.243421638475954
-4.096282805637044
-3.934628144258785
-3.7588403244626214
-3.569325134715207
-3.366510322247433
-3.1508443923235885
-2.922795347375789
-2.6828493287531394
-2.4315090781630944
-2.1692919971979996
-1.8967270029204326
-1.6143445035152615
-1.3226127268209669
-1.0219037281888583
-0.7125923777423718
-0.4766376835783502
-0.31591338076092873
-0.15326677982030176
0.011247979773284279
0.1775756488003127
0.3456598996473901
0.5154433581903008
0.6868676361870751
0.8598733641560858
1.034400224706775
1.2103869862833543
1.3877715372751718
1.5664909204415325
1.7464813675939872
1.9276783344758646
2.1100165357767575
2.2934299802198055
2.4778520056609623
2.6632153141425983
2.8494520068485616
3.0364936189135974
3.2242711540469315
3.4127151189373452
3.601755557415093
3.791322084353688
3.981343919302324
4.17174991984674
4.362468614702632
4.553428236550834
4.744556754628406
4.93578190709216
5.1270312331742955
5.318232105150313
5.509311760140077
5.700197331762207
5.890815881660899
6.081094430922524
6.270959991397125
6.460339596937703
6.649160334567415
6.837349375582166
7.024834006593554
7.211541660514429
7.397399947486658
7.58233668574906
7.766279932440638
7.949158014332717
8.130899558482186
8.311433522795987
8.490689226496338
8.668596380474874
8.845085117523022
9.020086022425353
9.193530161902165
9.36534911438674
9.535474999623512
9.7038405080715
9.870378930099097
10.035024184955164
10.197710849501592
10.358374186693176
10.51695017378995
10.67337553028825
10.827587745556091
10.979525106159496
11.129126722866024
11.276332557312548
11.421083448324266
11.563321137872391
11.702988296658045
11.840028549310732
11.974386499189244
12.10600775277392
12.234838943638964
12.360827755994077
12.483922947784817
12.60407437334163
12.72123300556735
12.83535095765374
12.946381504317445
13.054279102546506
13.15899941184844
13.26049931399135
13.358736932229686
13.453671650007024
13.545264129127474
13.63347632738871
13.718271515669324
13.799614294463153
13.87747060985444
13.951807768926892
14.02259445460072
14.08980073989148
14.153398101585248
14.213359433324673
14.26965905810053
14.322272740144083
14.374133664895586
14.460255543775652
14.531301853599986
14.587144382988678
14.62767904017111
14.652826063999546
14.662530194366516
14.638208737029187
14.552320098254011
14.433789562735559
14.342400580743655
14.235951690391163
14.11459869047848
13.978521437160172
13.827923582857572
13.663032275720129
13.484097820142402
13.291393298906497
13.085214157581357
12.865877751871196
12.633722858665687
12.389109151602206
12.13241664200979
11.864045086159114
11.584413359799187
11.29395880101488
11.007958506742188
10.854042674402184
10.697707298035583
10.53901384733873
10.378024765825451
10.214803446111308
10.04941420480425
9.881922257012572
9.712393690480898
9.540895439364489
9.367495257653173
9.192261692256139
9.015264055758374
8.83657239886075
8.656257482514786
8.474390749764412
8.291044297306327
8.106290846780809
7.920203715805864
7.732856788766365
7.544324487371146
7.354681740990791
7.164003956788666
6.9723669896586316
6.779847111982195
6.58652098321896
6.392465619343661
6.197758362143594
6.002476848390478
5.806698978901103
5.610502887500879
5.413966909905358
5.217169552534622
5.020189461275824
4.823105390209709
4.625996170317096
4.428940678182126
4.232017804709052
4.035306423870649
3.838885361506278
3.642833364189061
3.447229068182178
3.252150968505514
3.05767738813513
2.863886447359568
2.6708560333187314
2.4786637697532843
2.287386986994829
2.097102692230485
1.9078875400786852
1.7198178035178673
1.532969345214618
1.3474175893046072
1.1632374936873944
0.9805035229060546
0.7992896216943214
0.6196691892890727
0.4417150546241857
0.26549945254504853
0.09109400121177634
-0.0814303191042529
-0.2520031855799734
-0.42055495044731106
-0.587016656263821
-0.7513200483698244
-0.9133975839345779
-1.0731824366724017
-1.2306083994402848
-1.3856053329368576
-1.538088931677306
-1.6879696925570926
-1.8351598092960852
-1.9795742090093102
-2.1211305841620574
-2.2597492009254605
-2.395352670004702
-2.5278657545428045
-2.657215247457021
-2.783329925812271
-2.9061405737664323
-3.0255800566200914
-3.1415834255837014
-3.254088034462709
-3.363033653616028
-3.468362571495077
-3.5700196785896106
-3.6679525320833015
-3.762111401833054
-3.852449299590807
-3.9389219939499944
-4.021488013583042
-4.100108641149414
-4.174747899941496
-4.245372534987837
-4.311951990001269
-4.374458381265615
-4.432866469308173
-4.4871536290040215
-4.537299818599349
-4.5832875480148045
-4.659904682006319
-4.723224643781512
-4.769713658119221
-4.799356600396566
-4.812175062786101
-4.808226324796738
-4.787602328333294
-4.750428655330645
-4.6968635056414705
-4.627096672765748
-4.541348515056262
-4.439868920123115
-4.322936260231026
-4.190856336483219
-4.043961309458363
-3.8826086136322457
-3.707179852240562
-3.518079667978973
-3.3157345826114772
-3.1005917941369585
-2.8731179112389023
-2.6337975849636175
-2.38313194739351
-2.1216366112441154
-1.8498383044054343
-1.5682629310935992
-1.2773651269407673
-0.9775117574432479
-0.6690776234620865
-0.41593797239704144
-0.2554509787322103
-0.0930530267097687
0.07120164120451174
0.23725767993684632
0.40505867352922537
0.574547167404522
0.7456647011461622
0.918351841757299
1.0925482173563015
1.2681925512579513
1.4452226963832042
1.6235756699351989
1.8031876882756273
1.9839942019336676
2.1659299306799396
2.3489288985998615
2.5329244691046235
2.717849379823588
2.9036357773287054
3.0902152516495702
3.2775188705461344
3.4654772135153156
3.6540204055162064
3.843078150407182
4.032579764095858
4.222454207409558
4.412630118699652
4.603035846197364
4.7935994801423725
4.984248884707137
5.174911729740779
5.365515522356846
5.555987638387845
5.74625535372795
5.936245875583478
6.125886373647479
6.3151040112126795
6.50382597623374
6.691979512346427
6.879491949849144
7.06629073664878
7.252303469170322
7.437457923227497
7.621682084849403
7.804904181055701
7.987052710572031
8.168056474474993
8.347844606755531
8.526346604788076
8.703492359691964
8.879212186571348
9.053436854618985
9.226097617068893
9.397126240983402
9.566455036858619
9.73401688803342
9.899745279887064
10.063574328809642
10.225438810931067
10.385274190593783
10.543016648553913
10.698603109897725
10.851971271658439
11.00305963012029
11.15180750779604
11.298155080065088
11.442043401459175
11.583414431583394
11.72221106066007
11.858377134683872
11.991857480176238
12.122597928528496
12.250545339921887
12.375647626814331
12.497853776983494
12.617113876115999
12.733379129932803
12.84660188584147
12.956735654106053
13.063735128525341
13.167556206610971
13.268156009257014
13.3654928998926
13.45952650311004
13.550217722760221
13.637528759508498
13.721423127843513
13.801865672532244
13.878822584514477
13.952261416230595
14.022151096376351
14.088461944078837
14.15116568248775
14.210235451777395
14.26564582155324
14.317372802659076
14.374323247899515
14.45769747702909
14.526001283166362
14.579109998804068
14.616923081214404
14.639364318002087
14.64634596646952
14.612898753711141
14.51776163049148
14.404656457497847
14.31105130509375
14.202429151682995
14.078948656795989
13.940792484415466
13.788167037497649
13.621302153122205
13.440450758785657
13.24588849041429
13.037913272734915
12.816844862702206
12.583024356741259
12.336813662622742
12.078594936845334
11.808769988456396
11.527759650297325
11.236003118713134
10.973635404043817
10.819530168715437
10.663015684549519
10.504153452632593
10.34300594498603
10.179636579839062
10.014109696509898
9.846490529904933
9.676845184646787
9.505240608842131
9.33174456750002
9.15642561561213
8.979353070905695
8.80059698628139
8.620228121947022
8.43831791725903
8.254938462284125
8.070162469092535
7.884063242795537
7.696714652339526
7.508191101069278
7.318567497072995
7.12791922332221
6.936322107619543
6.743852392367582
6.5505867041723835
6.356602023295083
6.1619756529656415
5.966785188572748
5.771108486744053
5.575023634331532
5.378608917316562
5.1819427896501535
4.985103842043578
4.788170770725413
4.5912223461813335
4.394337381893487
4.197594703096619
4.001073115569347
3.8048513744790737
3.6090081533002367
3.413622012826638
3.2187713702995673
3.0245344686750726
2.830989346055127
2.638213805309568
2.4462853839179566
2.2552813240632656
2.0652785430126372
1.876353603824494
1.6885826864261633
1.5020415591120708
1.3168055505198297
1.1329495221503691
0.9505478415092421
0.7696743559597252
0.5904023673951985
0.41280460785923845
0.2369532162682436
0.06291971642461497
-0.10922500344950879
-0.27941070937455653
-0.44756783812052936
-0.613627511120543
-0.777521545241788
-0.9391824597225937
-1.09854347792157
-1.2555382940286766
-1.4100947689363383
-1.5621267066546576
-1.7115445821816226
-1.8582609396203351
-2.002191134199562
-2.1432533034045327
-2.2813681549959757
-2.416458730184142
-2.5484502093854964
-2.6772697901362044
-2.8028466433167125
-2.925111938349606
-3.0439989193796557
-3.159443011774593
-3.2713819400513713
-3.3797558426029655
-3.484507373614309
-3.5855817870955193
-3.68292700143291
-3.7764936451518865
-3.8662350858696763
-3.9521074449603
-4.034069600522705
-4.112083181045228
-4.186112551839353
-4.256124795963536
-4.322089691022968
-4.383979682935933
-4.441769857510196
-4.495437910472166
-4.544964116432094
-4.590331297143851
-4.66814231345572
-4.729650477628606
-4.774330250027295
-4.802170027149022
-4.813194813306481
-4.80746519144119
-4.785076298420335
-4.746156802816544
-4.690867882818533
-4.619402201844222
-4.531982879480023
-4.4288624554600124
-4.310321844465935
-4.176669279520168
-4.0282392416024155
-3.865391372762243
-3.68850936928567
-3.4979998501476803
-3.294291193536807
-3.0778323295815753
-2.849091467971586
-2.608554718117944
-2.3567245055538493
-2.094117517894876
-1.8212611455734755
-1.5386797722995456
-1.2468196426812068
-0.9460459788115261
-0.6367349626932725
-0.39954588577747374
-0.23885603621671664
-0.07626124336025239
0.08818421141830199
0.2544249442322919
0.4224045004999934
0.5920653873319234
0.7633491064606156
0.9361961876766842
1.1105462227259195
1.2863378996136459
1.4635090372551678
1.6419966204051422
1.821736834794453
2.0026651024009645
2.184716116780484
2.3678238783863197
2.5519217298100876
2.7369423908824926
2.922817993580348
3.1094801166951562
3.2968598202279265
3.484887679485093
3.6734938188600554
3.8626079452943567
4.052159381420903
4.242077098399313
4.432289748459385
4.622725697173989
4.8133130554855414
5.00397971151315
5.19465336216749
5.385261544601348
5.5757316675215876
5.765991042387246
5.955966914515157
6.145586494112484
6.33477698725153
6.523465626799202
6.711579703310355
6.899046595890636
7.085793803031496
7.271748973417294
7.4568399367015274
7.640994734246922
7.82414164982227
8.006209240246646
8.187126365970547
8.366822221581732
8.545226366222996
8.722268753907922
8.897879763719798
9.071990229879374
9.244531471665145
9.41543532317159
9.584634162888992
9.752060943089624
9.917649219004206
10.08133317777408
10.24304766716276
10.402728224012613
10.560311102431298
10.715733301694156
10.868932593847553
11.01984755099992
11.16841757228644
11.314582910494643
11.458284698337302
11.599464974360743
11.738066708475664
11.874033827099153
12.007311237895456
12.137844854105154
12.265581618450753
12.390469526608687
12.51245765023697
12.631496159548636
12.747536345420622
12.860530641029396
12.970432643003134
13.07719713208223
13.180780093278726
13.281138735527103
13.37823151081727
13.472018132802571
13.562459594874813
13.649518187699087
13.733157516201072
13.813342516000263
13.890039469282
13.963216020102507
14.03284118912044
14.09888538774934
14.16132043172513
14.220119554083588
14.27525741754245
14.326710126283535
14.384773553614046
14.467350565873446
14.534849493654868
14.587146806644473
14.62414310352298
14.64576331601214
14.651815890567311
14.615726907309538
14.517954262979506
14.406605010615673
14.312349564023798
14.20308093211818
14.078958601985745
13.940166054487928
13.786910497740745
13.61942256123834
13.437955951135292
13.242787067266214
13.034214582541903
12.812558985422719
12.578162086229055
12.331386488107606
12.072615023529153
11.802250157250802
11.520713356728924
11.228444431024498
10.97176559258702
10.817513651217272
10.660853876345254
10.501847797224213
10.340557913477467
10.177047670366495
10.01138143366729
9.843624464164572
9.673842891775207
9.502103689311166
9.32847464589329
9.153024340026738
8.975822112349404
8.796938038065026
8.61644289907216
8.434408155801352
8.25090591877154
8.066008919878918
7.879790483429396
7.692324496927735
7.5036853816356
7.313948062911453
7.1231879403448435
6.931480857698497
6.738903072671141
6.545531226494602
6.3514423133786835
6.15671364981776
5.961422843772841
5.765647763743522
5.569466507744202
5.372957372199374
5.176198820772975
4.979269453147153
4.782247973766128
4.585213160561506
4.388243833675316
4.191418824198171
3.994816942940216
3.7985169492531403
3.6025975199228046
3.407137218152406
3.2122144626575904
3.017907496896049
2.8242943584557887
2.6314528486278768
2.439460502191803
2.248394557444104
2.058331926503847
1.869349165932551
1.6815224477103374
1.4949275306156318
1.3096397320625168
1.1257339004576372
0.9432843881489177
0.7623650250503843
0.5830490930428939
0.40540930126958025
0.2295177624687462
0.05544597051704468
-0.11673522060622862
-0.2869556161746606
-0.45514569806962835
-0.6212366397357665
-0.7851603182379603
-0.9468493227920017
-1.106236958454832
-1.2632569994174854
-1.4178371890928572
-1.5698910830951047
-1.7193289278788184
-1.8660630081533418
-2.0100083954833847
-2.1510829390086488
-2.289207074970175
-2.4243036090242898
-2.556297536054253
-2.6851159256979344
-2.810687879721286
-2.9329445529549765
-3.0518192215019195
-3.1672473794050697
-3.2791668464847445
-3.3875178738581164
-3.4922432381598334
-3.5932883196002967
-3.6906011621832486
-3.7841325165433077
-3.8738358670923305
-3.959667445715022
-4.041586234361392
-4.119553958734698
-4.193535075001233
-4.26349675113706
-4.329408844224009
-4.391243874736784
-4.4489769986336665
-4.502585977874528
-4.552051149839334
-4.597355396000834
-4.675105566802112
-4.736458658100857
-4.780976780415624
-4.808648746128463
-4.819499957526368
-4.813591381577209
-4.791018528203754
-4.75191043028141
-4.696428623182958
-4.624766121576539
-4.5371463912034224
-4.433822313428067
-4.31507514040198
-4.1812134386604844
-4.032572018819743
-3.8695108486759437
-3.6924139462899546
-3.5016882483138874
-3.2977624463739468
-3.0810857796837205
-2.852126762666736
-2.6113718054404376
-2.3593236314590653
-2.096499227817421
-1.8234263055623294
-1.540629787230924
-1.2485570920156244
-0.9475738019781366
-0.6380561631969548
-0.40486884980612753
-0.24412822767804085
-0.08148205728916866
0.08301539883506764
0.24930877435427382
0.4173416308956707
0.587056490412026
0.7583948680894876
0.9312973057704826
1.1057034058474848
1.2815518655748215
1.458780511737805
1.6373263356122738
1.8171255281428564
1.9981135152657692
2.180224993301504
2.3633939643444792
2.547553771580745
2.7326371344706577
2.918576183740937
3.105302496139384
3.2927471289151558
3.4808406539975785
3.6695131918564514
3.858694445036465
4.048313731367137
4.238300016857336
4.428581948290157
4.619087885538708
4.809745933627626
5.000483974566897
5.191229698986136
5.381910637597259
5.572454192512235
5.762787668441337
5.936316975153683
5.936506890594742
