0.0
3.1902999999999605E-7
6.390300000000152E-7
9.590300000000587E-7
1.279029999999998E-6
1.5990299999999374E-6
1.919029999999877E-6
2.2390299999998163E-6
2.5590299999997556E-6
2.879029999999695E-6
3.1990299999996343E-6
3.5190299999995736E-6
3.8390299999995456E-6
4.159029999999908E-6
4.479030000000271E-6
4.799030000000634E-6
5.119030000000997E-6
5.43903000000136E-6
5.759030000001723E-6
6.0790300000020855E-6
6.399030000002448E-6
6.719030000002811E-6
7.039030000003174E-6
7.359030000003537E-6
7.679030000003899E-6
7.999030000004262E-6
8.319030000004625E-6
8.639030000004988E-6
8.95903000000535E-6
9.279030000005713E-6
9.599030000006076E-6
9.919030000006439E-6
1.0239030000006802E-5
1.0559030000007165E-5
1.0879030000007528E-5
1.119903000000789E-5
1.1519030000008253E-5
1.1839030000008616E-5
1.2159030000008979E-5
1.2479030000009342E-5
1.2799030000009705E-5
1.3119030000010067E-5
1.343903000001043E-5
1.3759030000010793E-5
1.4079030000011156E-5
1.4399030000011519E-5
1.4719030000011882E-5
1.5039030000012245E-5
1.5359030000012077E-5
1.5679030000010746E-5
1.5999030000009415E-5
1.6319030000008084E-5
1.6639030000006752E-5
1.695903000000542E-5
1.727903000000409E-5
1.759903000000276E-5
1.7919030000001428E-5
1.8239030000000096E-5
1.8559029999998765E-5
1.8879029999997434E-5
1.9199029999996103E-5
1.951902999999477E-5
1.983902999999344E-5
2.015902999999211E-5
2.0479029999990778E-5
2.0799029999989447E-5
2.1119029999988115E-5
2.1439029999986784E-5
2.1759029999985453E-5
2.2079029999984122E-5
2.239902999998279E-5
2.271902999998146E-5
2.3039029999980128E-5
2.3359029999978797E-5
2.3679029999977466E-5
2.3999029999976135E-5
2.4319029999974803E-5
2.4639029999973472E-5
2.495902999997214E-5
2.527902999997081E-5
2.559902999996948E-5
2.5919029999968147E-5
2.6239029999966816E-5
2.6559029999965485E-5
2.6879029999964154E-5
2.726238999996323E-5
2.7902389999963955E-5
2.854238999996468E-5
2.9182389999965407E-5
2.9822389999966133E-5
3.0462389999966858E-5
3.110238999996449E-5
3.1742389999961825E-5
3.238238999995916E-5
3.30223899999565E-5
3.366238999995384E-5
3.4302389999951175E-5
3.494238999994851E-5
3.558238999994585E-5
3.622238999994319E-5
3.6862389999940525E-5
3.750238999993786E-5
3.81423899999352E-5
3.878238999993254E-5
3.9422389999929876E-5
3.977246999993148E-5
4.009246999993354E-5
4.0412469999935596E-5
4.073246999993765E-5
4.105246999993971E-5
4.137246999994177E-5
4.1692469999943824E-5
4.201246999994588E-5
4.233246999994794E-5
4.2652469999949994E-5
4.297246999995205E-5
4.329246999995411E-5
4.3612469999956165E-5
4.393246999995822E-5
4.425246999996028E-5
4.4572469999962336E-5
4.489246999996439E-5
4.521246999996645E-5
4.553246999996851E-5
4.5852469999970564E-5
4.617246999997262E-5
4.649246999997468E-5
4.6812469999976734E-5
4.713246999997879E-5
4.745246999998085E-5
4.7772469999982905E-5
4.809246999998496E-5
4.841246999998702E-5
4.8732469999989076E-5
4.905246999999113E-5
4.937246999999319E-5
4.969246999999525E-5
5.0012469999997304E-5
5.033246999999936E-5
5.065247000000142E-5
5.0972470000003474E-5
5.129247000000553E-5
5.161247000000759E-5
5.1932470000009645E-5
5.22524700000117E-5
5.257247000001376E-5
5.2892470000015816E-5
5.321247000001787E-5
5.353247000001993E-5
5.385247000002199E-5
5.4172470000024044E-5
5.44924700000261E-5
5.481247000002816E-5
5.5132470000030214E-5
5.545247000003227E-5
5.577247000003433E-5
5.6092470000036385E-5
5.641247000003844E-5
5.67324700000405E-5
5.7052470000042556E-5
5.737247000004461E-5
5.769247000004667E-5
5.801247000004873E-5
5.8332470000050784E-5
5.865247000005284E-5
5.89724700000549E-5
5.9292470000056954E-5
5.961247000005901E-5
5.993247000006107E-5
6.0252470000063125E-5
6.057247000006518E-5
6.089247000006724E-5
6.121247000006554E-5
6.153247000006082E-5
6.18524700000561E-5
6.217247000005138E-5
6.249247000004666E-5
6.281247000004195E-5
6.313247000003723E-5
6.34524700000325E-5
6.377247000002779E-5
6.409247000002307E-5
6.441247000001835E-5
6.473247000001363E-5
6.505247000000891E-5
6.537247000000419E-5
6.569246999999947E-5
6.601246999999475E-5
6.633246999999003E-5
6.665246999998531E-5
6.69724699999806E-5
6.729246999997587E-5
6.761246999997115E-5
6.793246999996644E-5
6.825246999996172E-5
6.8572469999957E-5
6.889246999995228E-5
6.921246999994756E-5
6.953246999994284E-5
6.985246999993812E-5
7.01724699999334E-5
7.049246999992868E-5
7.081246999992396E-5
7.113246999991924E-5
7.145246999991452E-5
7.17724699999098E-5
7.209246999990508E-5
7.241246999990036E-5
7.273246999989565E-5
7.305246999989093E-5
7.33724699998862E-5
7.369246999988149E-5
7.401246999987677E-5
7.433246999987205E-5
7.465246999986733E-5
7.497246999986261E-5
7.529246999985789E-5
7.561246999985317E-5
7.593246999984845E-5
7.625246999984373E-5
7.657246999983901E-5
7.68924699998343E-5
7.721246999982957E-5
7.753246999982486E-5
7.785246999982014E-5
7.817246999981542E-5
7.84924699998107E-5
7.881246999980598E-5
7.913246999980126E-5
7.945246999979654E-5
7.977246999979182E-5
8.00924699997871E-5
8.041246999978238E-5
8.073246999977766E-5
8.105246999977294E-5
8.137246999976822E-5
8.16924699997635E-5
8.201246999975878E-5
8.233246999975407E-5
8.265246999974935E-5
8.297246999974463E-5
8.329246999973991E-5
8.361246999973519E-5
8.393246999973047E-5
8.425246999972575E-5
8.457246999972103E-5
8.489246999971631E-5
8.521246999971159E-5
8.553246999970687E-5
8.585246999970215E-5
8.617246999969743E-5
8.649246999969271E-5
8.6812469999688E-5
8.713246999968328E-5
8.745246999967856E-5
8.777246999967384E-5
8.809246999966912E-5
8.84124699996644E-5
8.873246999965968E-5
8.905246999965496E-5
8.937246999965024E-5
8.969246999964552E-5
9.00124699996408E-5
9.033246999963608E-5
9.065246999963136E-5
9.097246999962664E-5
9.129246999962192E-5
9.16124699996172E-5
9.193246999961248E-5
9.225246999960777E-5
9.257246999960305E-5
9.289246999959833E-5
9.321246999959361E-5
9.353246999958889E-5
9.385246999958417E-5
9.417246999957945E-5
9.449246999957473E-5
9.481246999957001E-5
9.513246999956529E-5
9.545246999956057E-5
9.577246999955585E-5
9.609246999955113E-5
9.641246999954641E-5
9.67324699995417E-5
9.705246999953698E-5
9.737246999953226E-5
9.769246999952754E-5
9.801246999952282E-5
9.83324699995181E-5
9.865246999951338E-5
9.897246999950866E-5
9.929246999950394E-5
9.961246999949922E-5
9.99324699994945E-5
1.0025246999948978E-4
1.0057246999948506E-4
1.0089246999948034E-4
1.0121246999947562E-4
1.015324699994709E-4
1.0185246999946619E-4
1.0217246999946147E-4
1.0249246999945675E-4
1.0281246999945203E-4
1.0313246999944731E-4
1.0345246999944259E-4
1.0377246999943787E-4
1.0409246999943315E-4
1.0441246999942843E-4
1.0473246999942371E-4
1.0505246999941899E-4
1.0537246999941427E-4
1.0569246999940955E-4
1.0601246999940483E-4
1.0633246999940011E-4
1.066524699993954E-4
1.0697246999939068E-4
1.0729246999938596E-4
1.0761246999938124E-4
1.0793246999937652E-4
1.082524699993718E-4
1.0857246999936708E-4
1.0889246999936236E-4
1.0921246999935764E-4
1.0953246999935292E-4
1.098524699993482E-4
1.1017246999934348E-4
1.1049246999933876E-4
1.1081246999933404E-4
1.1113246999932932E-4
1.114524699993246E-4
1.1177246999931989E-4
1.1209246999931517E-4
1.1241246999931045E-4
1.1273246999930573E-4
1.1305246999930101E-4
1.1337246999929629E-4
1.1369246999929157E-4
1.1401246999928685E-4
1.1433246999928213E-4
1.1465246999927741E-4
1.1497246999927269E-4
1.1529246999926797E-4
1.1561246999926325E-4
1.1593246999925853E-4
1.1625246999925381E-4
1.165724699992491E-4
1.1689246999924438E-4
1.1721246999923966E-4
1.1753246999923494E-4
1.1785246999923022E-4
1.181724699992255E-4
1.1849246999922078E-4
1.1881246999921606E-4
1.1913246999921134E-4
1.1945246999920662E-4
1.197724699992019E-4
1.2009246999919718E-4
1.2041246999919246E-4
1.2090334999919246E-4
1.2154334999919657E-4
1.221833499991983E-4
1.2282334999918885E-4
1.234633499991794E-4
1.2410334999916997E-4
1.2474334999916054E-4
1.253833499991511E-4
1.2602334999914166E-4
1.2666334999913222E-4
1.2730334999912278E-4
1.2794334999911334E-4
1.285833499991039E-4
1.2922334999909446E-4
1.2986334999908503E-4
1.305033499990756E-4
1.3114334999906615E-4
1.317833499990567E-4
1.3242334999904727E-4
1.3306334999903783E-4
1.337033499990284E-4
1.3434334999901895E-4
1.3498334999900952E-4
1.3562334999900008E-4
1.3626334999899064E-4
1.369033499989812E-4
1.3754334999897176E-4
1.3818334999896232E-4
1.3882334999895288E-4
1.3946334999894345E-4
1.3979294999893858E-4
1.4011294999893386E-4
1.4043294999892915E-4
1.4075294999892443E-4
1.410729499989197E-4
1.41392949998915E-4
1.4171294999891027E-4
1.4203294999890555E-4
1.4235294999890083E-4
1.426729499988961E-4
1.429929499988914E-4
1.4331294999888667E-4
1.4363294999888195E-4
1.4395294999887723E-4
1.442729499988725E-4
1.445929499988678E-4
1.4491294999886307E-4
1.4523294999885836E-4
1.4555294999885364E-4
1.4587294999884892E-4
1.461929499988442E-4
1.4651294999883948E-4
1.4683294999883476E-4
1.4715294999883004E-4
1.4747294999882532E-4
1.477929499988206E-4
1.4811294999881588E-4
1.4843294999881116E-4
1.4875294999880644E-4
1.4907294999880172E-4
1.49392949998797E-4
1.4971294999879228E-4
1.5003294999878757E-4
1.5035294999878285E-4
1.5067294999877813E-4
1.509929499987734E-4
1.513129499987687E-4
1.5163294999876397E-4
1.5195294999875925E-4
1.5227294999875453E-4
1.525929499987498E-4
1.529129499987451E-4
1.5323294999874037E-4
1.5355294999873565E-4
1.5387294999873093E-4
1.5419294999872621E-4
1.545129499987215E-4
1.5483294999871678E-4
1.5515294999871206E-4
1.5547294999870734E-4
1.5579294999870262E-4
1.561129499986979E-4
1.5643294999869318E-4
1.5675294999868846E-4
1.5707294999868374E-4
1.5739294999867902E-4
1.577129499986743E-4
1.5803294999866958E-4
1.5835294999866486E-4
1.5867294999866014E-4
1.5899294999865542E-4
1.593129499986507E-4
1.5963294999864599E-4
1.5995294999864127E-4
1.6027294999863655E-4
1.6059294999863183E-4
1.609129499986271E-4
1.612329499986224E-4
1.6155294999861767E-4
1.6187294999861295E-4
1.6219294999860823E-4
1.625129499986035E-4
1.628329499985988E-4
1.6315294999859407E-4
1.6347294999858935E-4
1.6379294999858463E-4
1.6411294999857991E-4
1.644329499985752E-4
1.6475294999857048E-4
1.6507294999856576E-4
1.6539294999856104E-4
1.6571294999855632E-4
1.660329499985516E-4
1.6635294999854688E-4
1.6667294999854216E-4
1.6699294999853744E-4
1.6731294999853272E-4
1.67632949998528E-4
1.6795294999852328E-4
1.6827294999851856E-4
1.6859294999851384E-4
1.6891294999850912E-4
1.692329499985044E-4
1.6955294999849969E-4
1.6994366999849392E-4
1.7058366999848448E-4
1.7122366999847505E-4
1.718636699984656E-4
1.7250366999845617E-4
1.7314366999844673E-4
1.737836699984373E-4
1.7442366999842785E-4
1.7506366999841841E-4
1.7570366999840897E-4
1.7634366999839954E-4
1.769836699983901E-4
1.7762366999838066E-4
1.7826366999837122E-4
1.7890366999836178E-4
1.7954366999835234E-4
1.801836699983429E-4
1.8082366999833347E-4
1.8146366999832403E-4
1.821036699983146E-4
1.8274366999830515E-4
1.833836699982957E-4
1.8402366999828627E-4
1.8466366999827683E-4
1.853036699982674E-4
1.8594366999825796E-4
1.8658366999824852E-4
1.8722366999823908E-4
1.8786366999822964E-4
1.885036699982202E-4
1.8914366999821076E-4
1.8963326999820354E-4
1.8995326999819882E-4
1.902732699981941E-4
1.9059326999818938E-4
1.9091326999818466E-4
1.9123326999817995E-4
1.9155326999817523E-4
1.918732699981705E-4
1.921932699981658E-4
1.9251326999816107E-4
1.9283326999815635E-4
1.9315326999815163E-4
1.934732699981469E-4
1.937932699981422E-4
1.9411326999813747E-4
1.9443326999813275E-4
1.9475326999812803E-4
1.950732699981233E-4
1.953932699981186E-4
1.9571326999811387E-4
1.9603326999810916E-4
1.9635326999810444E-4
1.9667326999809972E-4
1.96993269998095E-4
1.9731326999809028E-4
1.9763326999808556E-4
1.9795326999808084E-4
1.9827326999807612E-4
1.985932699980714E-4
1.9891326999806668E-4
1.9923326999806196E-4
1.9955326999805724E-4
1.9987326999805252E-4
2.001932699980478E-4
2.0051326999804308E-4
2.0083326999803836E-4
2.0115326999803365E-4
2.0147326999802893E-4
2.017932699980242E-4
2.021132699980195E-4
2.0243326999801477E-4
2.0275326999801005E-4
2.0307326999800533E-4
2.033932699980006E-4
2.037132699979959E-4
2.0403326999799117E-4
2.0435326999798645E-4
2.0467326999798173E-4
2.04993269997977E-4
2.053132699979723E-4
2.0563326999796757E-4
2.0595326999796286E-4
2.0627326999795814E-4
2.0659326999795342E-4
2.069132699979487E-4
2.0723326999794398E-4
2.0755326999793926E-4
2.0787326999793454E-4
2.0819326999792982E-4
2.085132699979251E-4
2.0883326999792038E-4
2.0915326999791566E-4
2.0947326999791094E-4
2.0979326999790622E-4
2.101132699979015E-4
2.1043326999789678E-4
2.1075326999789207E-4
2.1107326999788735E-4
2.1139326999788263E-4
2.117132699978779E-4
2.120332699978732E-4
2.1235326999786847E-4
2.1267326999786375E-4
2.1299326999785903E-4
2.133132699978543E-4
2.136332699978496E-4
2.1395326999784487E-4
2.1427326999784015E-4
2.1459326999783543E-4
2.1491326999783071E-4
2.15233269997826E-4
2.1555326999782128E-4
2.1587326999781656E-4
2.1619326999781184E-4
2.1651326999780712E-4
2.168332699978024E-4
2.1715326999779768E-4
2.1747326999779296E-4
2.1779326999778824E-4
2.1811326999778352E-4
2.184332699977788E-4
2.1875326999777408E-4
2.1907326999776936E-4
2.1939326999776464E-4
2.1971326999775992E-4
2.202643099977518E-4
2.2090430999774236E-4
2.2154430999773292E-4
2.2218430999772348E-4
2.2282430999771404E-4
2.234643099977046E-4
2.2410430999769516E-4
2.2474430999768573E-4
2.253843099976763E-4
2.2602430999766685E-4
2.266643099976574E-4
2.2730430999764797E-4
2.2794430999763853E-4
2.285843099976291E-4
2.2922430999761966E-4
2.2986430999761022E-4
2.3050430999760078E-4
2.3114430999759134E-4
2.317843099975819E-4
2.3242430999757246E-4
2.3306430999756302E-4
2.3370430999755358E-4
2.3434430999754415E-4
2.349843099975347E-4
2.3562430999752527E-4
2.3626430999751583E-4
2.369043099975064E-4
2.3754430999749695E-4
2.3818430999748751E-4
2.3876478999747895E-4
2.3908478999747423E-4
2.3940478999746951E-4
2.397247899974648E-4
2.4004478999746008E-4
2.4036478999745536E-4
2.4068478999745064E-4
2.4100478999744592E-4
2.413247899974412E-4
2.4164478999743648E-4
2.4196478999743176E-4
2.4228478999742704E-4
2.4260478999742232E-4
2.429247899974176E-4
2.4324478999741288E-4
2.4356478999740816E-4
2.4388478999740344E-4
2.4420478999740417E-4
2.4452478999742656E-4
2.4484478999744894E-4
2.4516478999747133E-4
2.454847899974937E-4
2.458047899975161E-4
2.461247899975385E-4
2.4644478999756087E-4
2.4676478999758326E-4
2.4708478999760564E-4
2.4740478999762803E-4
2.477247899976504E-4
2.480447899976728E-4
2.483647899976952E-4
2.4868478999771757E-4
2.4900478999773996E-4
2.4932478999776234E-4
2.4964478999778473E-4
2.499647899978071E-4
2.502847899978295E-4
2.506047899978519E-4
2.5092478999787427E-4
2.5124478999789666E-4
2.5156478999791904E-4
2.5188478999794143E-4
2.522047899979638E-4
2.525247899979862E-4
2.528447899980086E-4
2.5316478999803097E-4
2.5348478999805336E-4
2.5380478999807574E-4
2.5412478999809813E-4
2.544447899981205E-4
2.547647899981429E-4
2.550847899981653E-4
2.5540478999818767E-4
2.5572478999821006E-4
2.5604478999823244E-4
2.5636478999825483E-4
2.566847899982772E-4
2.570047899982996E-4
2.57324789998322E-4
2.5764478999834437E-4
2.5796478999836676E-4
2.5828478999838914E-4
2.5860478999841153E-4
2.589247899984339E-4
2.592447899984563E-4
2.595647899984787E-4
2.5988478999850107E-4
2.6020478999852346E-4
2.6052478999854584E-4
2.6084478999856823E-4
2.611647899985906E-4
2.61484789998613E-4
2.618047899986354E-4
2.6212478999865777E-4
2.6244478999868016E-4
2.6276478999870254E-4
2.6308478999872493E-4
2.634047899987473E-4
2.637247899987697E-4
2.640447899987921E-4
2.6436478999881447E-4
2.6468478999883686E-4
2.6500478999885924E-4
2.6532478999888163E-4
2.65644789998904E-4
2.659647899989264E-4
2.662847899989488E-4
2.6660478999897117E-4
2.6692478999899356E-4
2.6724478999901594E-4
2.6756478999903833E-4
2.678847899990607E-4
2.682047899990831E-4
2.685247899991055E-4
2.6884478999912787E-4
2.6916478999915026E-4
2.6948478999917264E-4
2.698073499991948E-4
2.7044734999918534E-4
2.710873499991759E-4
2.7172734999916646E-4
2.72367349999157E-4
2.730073499991476E-4
2.7364734999913814E-4
2.742873499991287E-4
2.7492734999911926E-4
2.755673499991098E-4
2.762073499991004E-4
2.7684734999909095E-4
2.774873499990815E-4
2.7812734999907207E-4
2.7876734999906263E-4
2.794073499990532E-4
2.8004734999904376E-4
2.806873499990343E-4
2.813273499990249E-4
2.8196734999901544E-4
2.82607349999006E-4
2.8324734999899656E-4
2.838873499989871E-4
2.845273499989777E-4
2.8516734999896825E-4
2.858073499989588E-4
2.8644734999894937E-4
2.8708734999893993E-4
2.877273499989305E-4
2.8836734999892105E-4
2.890073499989116E-4
2.895651099989103E-4
2.898851099989327E-4
2.9020510999895507E-4
2.9052510999897746E-4
2.9084510999899984E-4
2.9116510999902223E-4
2.914851099990446E-4
2.91805109999067E-4
2.921251099990894E-4
2.9244510999911177E-4
2.9276510999913416E-4
2.9308510999915654E-4
2.9340510999917893E-4
2.937251099992013E-4
2.940451099992237E-4
2.943651099992461E-4
2.9468510999926847E-4
2.9500510999929086E-4
2.9532510999931324E-4
2.9564510999933563E-4
2.95965109999358E-4
2.962851099993804E-4
2.966051099994028E-4
2.9692510999942517E-4
2.9724510999944756E-4
2.9756510999946994E-4
2.9788510999949233E-4
2.982051099995147E-4
2.985251099995371E-4
2.988451099995595E-4
2.9916510999958187E-4
2.9948510999960426E-4
2.9980510999962664E-4
3.0012510999964903E-4
3.004451099996714E-4
3.007651099996938E-4
3.010851099997162E-4
3.0140510999973857E-4
3.0172510999976096E-4
3.0204510999978334E-4
3.0236510999980573E-4
3.026851099998281E-4
3.030051099998505E-4
3.033251099998729E-4
3.0364510999989527E-4
3.0396510999991766E-4
3.0428510999994004E-4
3.0460510999996243E-4
3.049251099999848E-4
3.052451100000072E-4
3.055651100000296E-4
3.0588511000005197E-4
3.0620511000007436E-4
3.0652511000009674E-4
3.0684511000011913E-4
3.071651100001415E-4
3.074851100001639E-4
3.078051100001863E-4
3.0812511000020867E-4
3.0844511000023106E-4
3.0876511000025344E-4
3.0908511000027583E-4
3.094051100002982E-4
3.097251100003206E-4
3.10045110000343E-4
3.1036511000036537E-4
3.1068511000038776E-4
3.1100511000041014E-4
3.1132511000043253E-4
3.116451100004549E-4
3.119651100004773E-4
3.122851100004997E-4
3.1260511000052207E-4
3.1292511000054446E-4
3.1324511000056684E-4
3.1356511000058923E-4
3.138851100006116E-4
3.14205110000634E-4
3.145251100006564E-4
3.1484511000067877E-4
3.1516511000070116E-4
3.1548511000072354E-4
3.1580511000074593E-4
3.161251100007683E-4
3.164451100007907E-4
3.167651100008131E-4
3.1708511000083547E-4
3.1740511000085786E-4
3.1772511000088024E-4
3.1804511000090263E-4
3.18365110000925E-4
3.186851100009474E-4
3.190051100009698E-4
3.1932511000099217E-4
3.1964511000101456E-4
3.2012799000102074E-4
3.207679900010113E-4
3.2140799000100187E-4
3.2204799000099243E-4
3.22687990000983E-4
3.2332799000097355E-4
3.241919900009608E-4
3.2547199000094193E-4
3.2633279000092924E-4
3.269727900009198E-4
3.2761279000091036E-4
3.282527900009009E-4
3.288927900008915E-4
3.2953279000088204E-4
3.301727900008726E-4
3.3081279000086316E-4
3.314527900008537E-4
3.320927900008443E-4
3.3273279000083485E-4
3.333727900008254E-4
3.3401279000081597E-4
3.3465279000080653E-4
3.352927900007971E-4
3.3593279000078766E-4
3.365727900007782E-4
3.372127900007688E-4
3.376767900007768E-4
3.379967900007992E-4
3.3831679000082156E-4
3.3863679000084395E-4
3.3895679000086633E-4
3.392767900008887E-4
3.395967900009111E-4
3.399167900009335E-4
3.402367900009559E-4
3.4055679000097826E-4
3.4087679000100065E-4
3.4119679000102303E-4
3.415167900010454E-4
3.418367900010678E-4
3.421567900010902E-4
3.424767900011126E-4
3.4279679000113496E-4
3.4311679000115735E-4
3.4343679000117973E-4
3.437567900012021E-4
3.440767900012245E-4
3.443967900012469E-4
3.447167900012693E-4
3.4503679000129166E-4
3.4535679000131405E-4
3.4567679000133643E-4
3.459967900013588E-4
3.463167900013812E-4
3.466367900014036E-4
3.46956790001426E-4
3.4727679000144836E-4
3.4759679000147075E-4
3.4791679000149313E-4
3.482367900015155E-4
3.485567900015379E-4
3.488767900015603E-4
3.491967900015827E-4
3.4951679000160506E-4
3.4983679000162745E-4
3.5015679000164983E-4
3.504767900016722E-4
3.507967900016946E-4
3.51116790001717E-4
3.514367900017394E-4
3.5175679000176176E-4
3.5207679000178415E-4
3.5239679000180653E-4
3.527167900018289E-4
3.530367900018513E-4
3.533567900018737E-4
3.536767900018961E-4
3.5399679000191846E-4
3.5431679000194085E-4
3.5463679000196323E-4
3.549567900019856E-4
3.55276790002008E-4
3.555967900020304E-4
3.559167900020528E-4
3.5623679000207516E-4
3.5655679000209755E-4
3.5687679000211993E-4
3.571967900021423E-4
3.575167900021647E-4
3.578367900021871E-4
3.581567900022095E-4
3.5847679000223186E-4
3.5879679000225425E-4
3.5911679000227663E-4
3.59436790002299E-4
3.597567900023214E-4
3.600767900023438E-4
3.603967900023662E-4
3.6071679000238856E-4
3.6103679000241095E-4
3.6135679000243333E-4
3.616767900024557E-4
3.619967900024781E-4
3.623167900025005E-4
3.626367900025229E-4
3.6295679000254526E-4
3.6327679000256765E-4
3.6359679000259003E-4
3.639167900026124E-4
3.642367900026348E-4
3.645567900026572E-4
3.648767900026796E-4
3.6519679000270196E-4
3.6551679000272435E-4
3.6583679000274673E-4
3.661567900027691E-4
3.664767900027915E-4
3.667967900028139E-4
3.671167900028363E-4
3.6743679000285866E-4
3.6775679000288105E-4
3.6807679000290343E-4
3.683967900029258E-4
3.687167900029482E-4
3.690367900029706E-4
3.69356790002993E-4
3.6967679000301536E-4
3.701913500030184E-4
3.7083135000300896E-4
3.714713500029995E-4
3.721113500029901E-4
3.7275135000298064E-4
3.733913500029712E-4
3.7403135000296176E-4
3.746713500029523E-4
3.753113500029429E-4
3.7595135000293345E-4
3.76591350002924E-4
3.7723135000291457E-4
3.7787135000290513E-4
3.785113500028957E-4
3.7915135000288625E-4
3.797913500028768E-4
3.804313500028674E-4
3.8107135000285794E-4
3.817113500028485E-4
3.8235135000283906E-4
3.829913500028296E-4
3.836313500028202E-4
3.8427135000281074E-4
3.849113500028013E-4
3.8555135000279187E-4
3.8619135000278243E-4
3.86831350002773E-4
3.8747135000276355E-4
3.881113500027541E-4
3.887513500027447E-4
3.8939135000273524E-4
3.89757110002753E-4
3.900771100027754E-4
3.903971100027978E-4
3.907171100028202E-4
3.9103711000284256E-4
3.9135711000286494E-4
3.9167711000288733E-4
3.919971100029097E-4
3.923171100029321E-4
3.926371100029545E-4
3.929571100029769E-4
3.9327711000299926E-4
3.9359711000302164E-4
3.9391711000304403E-4
3.942371100030664E-4
3.945571100030888E-4
3.948771100031112E-4
3.951971100031336E-4
3.9551711000315596E-4
3.9583711000317834E-4
3.9615711000320073E-4
3.964771100032231E-4
3.967971100032455E-4
3.971171100032679E-4
3.974371100032903E-4
3.9775711000331266E-4
3.9807711000333504E-4
3.9839711000335743E-4
3.987171100033798E-4
3.990371100034022E-4
3.993571100034246E-4
3.99677110003447E-4
3.9999711000346936E-4
4.0031711000349174E-4
4.0063711000351413E-4
4.009571100035365E-4
4.012771100035589E-4
4.015971100035813E-4
4.019171100036037E-4
4.0223711000362606E-4
4.0255711000364844E-4
4.0287711000367083E-4
4.031971100036932E-4
4.035171100037156E-4
4.03837110003738E-4
4.041571100037604E-4
4.0447711000378276E-4
4.0479711000380514E-4
4.0511711000382753E-4
4.054371100038499E-4
4.057571100038723E-4
4.060771100038947E-4
4.063971100039171E-4
4.0671711000393946E-4
4.0703711000396184E-4
4.0735711000398423E-4
4.076771100040066E-4
4.07997110004029E-4
4.083171100040514E-4
4.086371100040738E-4
4.0895711000409616E-4
4.0927711000411854E-4
4.0959711000414093E-4
4.099171100041633E-4
4.102371100041857E-4
4.105571100042081E-4
4.108771100042305E-4
4.1119711000425286E-4
4.1151711000427524E-4
4.1183711000429763E-4
4.1215711000432E-4
4.124771100043424E-4
4.127971100043648E-4
4.131171100043872E-4
4.1343711000440956E-4
4.1375711000443194E-4
4.1407711000445433E-4
4.143971100044767E-4
4.147171100044991E-4
4.150371100045215E-4
4.153571100045439E-4
4.1567711000456626E-4
4.1599711000458864E-4
4.1631711000461103E-4
4.166371100046334E-4
4.169571100046558E-4
4.172771100046782E-4
4.175971100047006E-4
4.1791711000472296E-4
4.1823711000474534E-4
4.1855711000476773E-4
4.188771100047901E-4
4.191971100048125E-4
4.195171100048349E-4
4.198719900048538E-4
4.2051199000484437E-4
4.211519900048349E-4
4.217919900048255E-4
4.2243199000481605E-4
4.230719900048066E-4
4.2371199000479717E-4
4.2495999000477877E-4
4.262399900047599E-4
4.269721500047491E-4
4.2761215000473965E-4
4.282521500047302E-4
4.288921500047208E-4
4.2953215000471134E-4
4.301721500047019E-4
4.3081215000469246E-4
4.31452150004683E-4
4.320921500046736E-4
4.3273215000466414E-4
4.333721500046547E-4
4.3401215000464527E-4
4.346521500046358E-4
4.352921500046264E-4
4.3593215000461695E-4
4.365721500046075E-4
4.3721215000459807E-4
4.375907100046146E-4
4.3791071000463697E-4
4.3823071000465935E-4
4.3855071000468174E-4
4.388707100047041E-4
4.391907100047265E-4
4.395107100047489E-4
4.398307100047713E-4
4.4015071000479367E-4
4.4047071000481605E-4
4.4079071000483844E-4
4.411107100048608E-4
4.414307100048832E-4
4.417507100049056E-4
4.42070710004928E-4
4.4239071000495037E-4
4.4271071000497275E-4
4.4303071000499514E-4
4.433507100050175E-4
4.436707100050399E-4
4.439907100050623E-4
4.443107100050847E-4
4.4463071000510707E-4
4.4495071000512945E-4
4.4527071000515184E-4
4.455907100051742E-4
4.459107100051966E-4
4.46230710005219E-4
4.465507100052414E-4
4.4687071000526377E-4
4.4719071000528615E-4
4.4751071000530854E-4
4.478307100053309E-4
4.481507100053533E-4
4.484707100053757E-4
4.487907100053981E-4
4.4911071000542047E-4
4.4943071000544285E-4
4.4975071000546524E-4
4.500707100054876E-4
4.5039071000551E-4
4.507107100055324E-4
4.510307100055548E-4
4.5135071000557717E-4
4.5167071000559955E-4
4.5199071000562194E-4
4.523107100056443E-4
4.526307100056667E-4
4.529507100056891E-4
4.532707100057115E-4
4.5359071000573387E-4
4.5391071000575625E-4
4.5423071000577864E-4
4.54550710005801E-4
4.548707100058234E-4
4.551907100058458E-4
4.555107100058682E-4
4.5583071000589057E-4
4.5615071000591295E-4
4.5647071000593534E-4
4.567907100059577E-4
4.571107100059801E-4
4.574307100060025E-4
4.577507100060249E-4
4.5807071000604727E-4
4.5839071000606965E-4
4.5871071000609204E-4
4.590307100061144E-4
4.593507100061368E-4
4.596707100061592E-4
4.599907100061816E-4
4.6031071000620397E-4
4.6063071000622635E-4
4.6095071000624874E-4
4.612707100062711E-4
4.615907100062935E-4
4.619107100063159E-4
4.622307100063383E-4
4.6255071000636067E-4
4.6287071000638305E-4
4.6319071000640544E-4
4.635107100064278E-4
4.638307100064502E-4
4.641507100064726E-4
4.64470710006495E-4
4.6479071000651737E-4
4.6511071000653975E-4
4.6543071000656214E-4
4.657507100065845E-4
4.660707100066069E-4
4.663907100066293E-4
4.667107100066517E-4
4.6703071000667407E-4
4.6735071000669645E-4
4.6767071000671884E-4
4.679907100067412E-4
4.683107100067636E-4
4.68630710006786E-4
4.689507100068084E-4
4.6927071000683077E-4
4.6959071000685315E-4
4.7001919000686475E-4
4.706591900068553E-4
4.7129919000684587E-4
4.7193919000683643E-4
4.72579190006827E-4
4.7321919000681755E-4
4.738591900068081E-4
4.744991900067987E-4
4.7513919000678924E-4
4.757791900067798E-4
4.7641919000677036E-4
4.770591900067609E-4
4.776991900067515E-4
4.7833919000674205E-4
4.789791900067326E-4
4.7961919000672317E-4
4.8025919000671373E-4
4.808991900067043E-4
4.8153919000669485E-4
4.821791900066854E-4
4.82819190006676E-4
4.8345919000666654E-4
4.840991900066571E-4
4.8473919000664766E-4
4.853791900066382E-4
4.860191900066288E-4
4.8665919000661934E-4
4.872991900066099E-4
4.8793919000660047E-4
4.883337500066154E-4
4.886537500066378E-4
4.889737500066602E-4
4.892937500066825E-4
4.896137500067049E-4
4.899337500067273E-4
4.902537500067497E-4
4.905737500067721E-4
4.908937500067945E-4
4.912137500068169E-4
4.915337500068392E-4
4.918537500068616E-4
4.92173750006884E-4
4.924937500069064E-4
4.928137500069288E-4
4.931337500069512E-4
4.934537500069736E-4
4.937737500069959E-4
4.940937500070183E-4
4.944137500070407E-4
4.947337500070631E-4
4.950537500070855E-4
4.953737500071079E-4
4.956937500071303E-4
4.960137500071526E-4
4.96333750007175E-4
4.966537500071974E-4
4.969737500072198E-4
4.972937500072422E-4
4.976137500072646E-4
4.97933750007287E-4
4.982537500073093E-4
4.985737500073317E-4
4.988937500073541E-4
4.992137500073765E-4
4.995337500073989E-4
4.998537500074213E-4
5.001737500074437E-4
5.00493750007466E-4
5.008137500074884E-4
5.011337500075108E-4
5.014537500075332E-4
5.017737500075556E-4
5.02093750007578E-4
5.024137500076004E-4
5.027337500076227E-4
5.030537500076451E-4
5.033737500076675E-4
5.036937500076899E-4
5.040137500077123E-4
5.043337500077347E-4
5.04653750007757E-4
5.049737500077794E-4
5.052937500078018E-4
5.056137500078242E-4
5.059337500078466E-4
5.06253750007869E-4
5.065737500078914E-4
5.068937500079138E-4
5.072137500079361E-4
5.075337500079585E-4
5.078537500079809E-4
5.081737500080033E-4
5.084937500080257E-4
5.088137500080481E-4
5.091337500080705E-4
5.094537500080928E-4
5.097737500081152E-4
5.100937500081376E-4
5.1041375000816E-4
5.107337500081824E-4
5.110537500082048E-4
5.113737500082272E-4
5.116937500082495E-4
5.120137500082719E-4
5.123337500082943E-4
5.126537500083167E-4
5.129737500083391E-4
5.132937500083615E-4
5.136137500083839E-4
5.139337500084062E-4
5.142537500084286E-4
5.14573750008451E-4
5.148937500084734E-4
5.152137500084958E-4
5.155337500085182E-4
5.158537500085406E-4
5.161737500085629E-4
5.164937500085853E-4
5.168137500086077E-4
5.171337500086301E-4
5.174537500086525E-4
5.177737500086749E-4
5.180937500086973E-4
5.184137500087196E-4
5.18733750008742E-4
5.190537500087644E-4
5.193737500087868E-4
5.196937500088092E-4
5.202252700088464E-4
5.208652700088911E-4
5.215052700089359E-4
5.221452700089807E-4
5.227852700090254E-4
5.234252700090702E-4
5.24386550009083E-4
5.256665500090642E-4
5.267807900090617E-4
5.274207900091064E-4
5.280607900091512E-4
5.28700790009196E-4
5.293407900092407E-4
5.299807900092855E-4
5.306207900093303E-4
5.312607900093751E-4
5.319007900094198E-4
5.325407900094646E-4
5.331807900095094E-4
5.338207900095541E-4
5.344607900095989E-4
5.351007900096437E-4
5.357407900096885E-4
5.363807900097332E-4
5.37020790009778E-4
5.376607900098228E-4
5.37992950009846E-4
5.383129500098684E-4
5.386329500098908E-4
5.389529500099132E-4
5.392729500099356E-4
5.395929500099579E-4
5.399129500099803E-4
5.402329500100027E-4
5.405529500100251E-4
5.408729500100475E-4
5.411929500100699E-4
5.415129500100923E-4
5.418329500101146E-4
5.42152950010137E-4
5.424729500101594E-4
5.427929500101818E-4
5.431129500102042E-4
5.434329500102266E-4
5.43752950010249E-4
5.440729500102713E-4
5.443929500102937E-4
5.447129500103161E-4
5.450329500103385E-4
5.453529500103609E-4
5.456729500103833E-4
5.459929500104057E-4
5.46312950010428E-4
5.466329500104504E-4
5.469529500104728E-4
5.472729500104952E-4
5.475929500105176E-4
5.4791295001054E-4
5.482329500105624E-4
5.485529500105847E-4
5.488729500106071E-4
5.491929500106295E-4
5.495129500106519E-4
5.498329500106743E-4
5.501529500106967E-4
5.504729500107191E-4
5.507929500107414E-4
5.511129500107638E-4
5.514329500107862E-4
5.517529500108086E-4
5.52072950010831E-4
5.523929500108534E-4
5.527129500108758E-4
5.530329500108981E-4
5.533529500109205E-4
5.536729500109429E-4
5.539929500109653E-4
5.543129500109877E-4
5.546329500110101E-4
5.549529500110325E-4
5.552729500110548E-4
5.555929500110772E-4
5.559129500110996E-4
5.56232950011122E-4
5.565529500111444E-4
5.568729500111668E-4
5.571929500111892E-4
5.575129500112115E-4
5.578329500112339E-4
5.581529500112563E-4
5.584729500112787E-4
5.587929500113011E-4
5.591129500113235E-4
5.594329500113459E-4
5.597529500113682E-4
5.600729500113906E-4
5.60392950011413E-4
5.607129500114354E-4
5.610329500114578E-4
5.613529500114802E-4
5.616729500115026E-4
5.619929500115249E-4
5.623129500115473E-4
5.626329500115697E-4
5.629529500115921E-4
5.632729500116145E-4
5.635929500116369E-4
5.639129500116593E-4
5.642329500116816E-4
5.64552950011704E-4
5.648729500117264E-4
5.651929500117488E-4
5.655129500117712E-4
5.658329500117936E-4
5.66152950011816E-4
5.664729500118383E-4
5.667929500118607E-4
5.671129500118831E-4
5.674329500119055E-4
5.677529500119279E-4
5.680729500119503E-4
5.683929500119727E-4
5.68712950011995E-4
5.690329500120174E-4
5.693529500120398E-4
5.696729500120622E-4
5.701836700120979E-4
5.708236700121427E-4
5.714636700121875E-4
5.721036700122322E-4
5.72743670012277E-4
5.733836700123218E-4
5.740236700123666E-4
5.746636700124113E-4
5.753036700124561E-4
5.759436700125009E-4
5.765836700125456E-4
5.772236700125904E-4
5.778636700126352E-4
5.7850367001268E-4
5.791436700127247E-4
5.797836700127695E-4
5.804236700128143E-4
5.81063670012859E-4
5.817036700129038E-4
5.823436700129486E-4
5.829836700129934E-4
5.836236700130381E-4
5.842636700130829E-4
5.849036700131277E-4
5.855436700131724E-4
5.861836700132172E-4
5.86823670013262E-4
5.874636700133068E-4
5.881036700133515E-4
5.884985500133791E-4
5.888185500134015E-4
5.891385500134239E-4
5.894585500134463E-4
5.897785500134687E-4
5.900985500134911E-4
5.904185500135135E-4
5.907385500135358E-4
5.910585500135582E-4
5.913785500135806E-4
5.91698550013603E-4
5.920185500136254E-4
5.923385500136478E-4
5.926585500136702E-4
5.929785500136925E-4
5.932985500137149E-4
5.936185500137373E-4
5.939385500137597E-4
5.942585500137821E-4
5.945785500138045E-4
5.948985500138269E-4
5.952185500138492E-4
5.955385500138716E-4
5.95858550013894E-4
5.961785500139164E-4
5.964985500139388E-4
5.968185500139612E-4
5.971385500139836E-4
5.97458550014006E-4
5.977785500140283E-4
5.980985500140507E-4
5.984185500140731E-4
5.987385500140955E-4
5.990585500141179E-4
5.993785500141403E-4
5.996985500141626E-4
6.00018550014185E-4
6.003385500142074E-4
6.006585500142298E-4
6.009785500142522E-4
6.012985500142746E-4
6.01618550014297E-4
6.019385500143193E-4
6.022585500143417E-4
6.025785500143641E-4
6.028985500143865E-4
6.032185500144089E-4
6.035385500144313E-4
6.038585500144537E-4
6.04178550014476E-4
6.044985500144984E-4
6.048185500145208E-4
6.051385500145432E-4
6.054585500145656E-4
6.05778550014588E-4
6.060985500146104E-4
6.064185500146327E-4
6.067385500146551E-4
6.070585500146775E-4
6.073785500146999E-4
6.076985500147223E-4
6.080185500147447E-4
6.083385500147671E-4
6.086585500147894E-4
6.089785500148118E-4
6.092985500148342E-4
6.096185500148566E-4
6.09938550014879E-4
6.102585500149014E-4
6.105785500149238E-4
6.108985500149461E-4
6.112185500149685E-4
6.115385500149909E-4
6.118585500150133E-4
6.121785500150357E-4
6.124985500150581E-4
6.128185500150805E-4
6.131385500151028E-4
6.134585500151252E-4
6.137785500151476E-4
6.1409855001517E-4
6.144185500151924E-4
6.147385500152148E-4
6.150585500152372E-4
6.153785500152595E-4
6.156985500152819E-4
6.160185500153043E-4
6.163385500153267E-4
6.166585500153491E-4
6.169785500153715E-4
6.172985500153939E-4
6.176185500154162E-4
6.179385500154386E-4
6.18258550015461E-4
6.185785500154834E-4
6.188985500155058E-4
6.192185500155282E-4
6.195385500155506E-4
6.199148700155769E-4
6.205548700156217E-4
6.211948700156664E-4
6.218348700157112E-4
6.22474870015756E-4
6.231148700158007E-4
6.237657500158444E-4
6.250457500158256E-4
6.263257500158067E-4
6.272825500158198E-4
6.279225500158646E-4
6.285625500159094E-4
6.292025500159542E-4
6.298425500159989E-4
6.304825500160437E-4
6.311225500160885E-4
6.317625500161332E-4
6.32402550016178E-4
6.330425500162228E-4
6.336825500162676E-4
6.343225500163123E-4
6.349625500163571E-4
6.356025500164019E-4
6.362425500164466E-4
6.368825500164914E-4
6.375225500165362E-4
6.380937500165761E-4
6.384137500165985E-4
6.387337500166209E-4
6.390537500166433E-4
6.393737500166657E-4
6.396937500166881E-4
6.400137500167105E-4
6.403337500167328E-4
6.406537500167552E-4
6.409737500167776E-4
6.412937500168E-4
6.416137500168224E-4
6.419337500168448E-4
6.422537500168672E-4
6.425737500168895E-4
6.428937500169119E-4
6.432137500169343E-4
6.435337500169567E-4
6.438537500169791E-4
6.441737500170015E-4
6.444937500170239E-4
6.448137500170462E-4
6.451337500170686E-4
6.45453750017091E-4
6.457737500171134E-4
6.460937500171358E-4
6.464137500171582E-4
6.467337500171806E-4
6.470537500172029E-4
6.473737500172253E-4
6.476937500172477E-4
6.480137500172701E-4
6.483337500172925E-4
6.486537500173149E-4
6.489737500173373E-4
6.492937500173596E-4
6.49613750017382E-4
6.499337500174044E-4
6.502537500174268E-4
6.505737500174492E-4
6.508937500174716E-4
6.51213750017494E-4
6.515337500175163E-4
6.518537500175387E-4
6.521737500175611E-4
6.524937500175835E-4
6.528137500176059E-4
6.531337500176283E-4
6.534537500176507E-4
6.53773750017673E-4
6.540937500176954E-4
6.544137500177178E-4
6.547337500177402E-4
6.550537500177626E-4
6.55373750017785E-4
6.556937500178074E-4
6.560137500178297E-4
6.563337500178521E-4
6.566537500178745E-4
6.569737500178969E-4
6.572937500179193E-4
6.576137500179417E-4
6.57933750017964E-4
6.582537500179864E-4
6.585737500180088E-4
6.588937500180312E-4
6.592137500180536E-4
6.59533750018076E-4
6.598537500180984E-4
6.601737500181208E-4
6.604937500181431E-4
6.608137500181655E-4
6.611337500181879E-4
6.614537500182103E-4
6.617737500182327E-4
6.620937500182551E-4
6.624137500182775E-4
6.627337500182998E-4
6.630537500183222E-4
6.633737500183446E-4
6.63693750018367E-4
6.640137500183894E-4
6.643337500184118E-4
6.646537500184342E-4
6.649737500184565E-4
6.652937500184789E-4
6.656137500185013E-4
6.659337500185237E-4
6.662537500185461E-4
6.665737500185685E-4
6.668937500185909E-4
6.672137500186132E-4
6.675337500186356E-4
6.67853750018658E-4
6.681737500186804E-4
6.684937500187028E-4
6.688137500187252E-4
6.691337500187476E-4
6.694537500187699E-4
6.697737500187923E-4
6.703852700188351E-4
6.710252700188799E-4
6.716652700189246E-4
6.723052700189694E-4
6.729452700190142E-4
6.73585270019059E-4
6.742252700191037E-4
6.748652700191485E-4
6.755052700191933E-4
6.76145270019238E-4
6.767852700192828E-4
6.774252700193276E-4
6.780652700193724E-4
6.787052700194171E-4
6.793452700194619E-4
6.799852700195067E-4
6.806252700195514E-4
6.812652700195962E-4
6.81905270019641E-4
6.825452700196858E-4
6.831852700197305E-4
6.838252700197753E-4
6.844652700198201E-4
6.851052700198648E-4
6.857452700199096E-4
6.863852700199544E-4
6.870252700199992E-4
6.876652700200439E-4
6.883052700200887E-4
6.887823900201221E-4
6.891023900201445E-4
6.894223900201669E-4
6.897423900201892E-4
6.900623900202116E-4
6.90382390020234E-4
6.907023900202564E-4
6.910223900202788E-4
6.913423900203012E-4
6.916623900203236E-4
6.919823900203459E-4
6.923023900203683E-4
6.926223900203907E-4
6.929423900204131E-4
6.932623900204355E-4
6.935823900204579E-4
6.939023900204803E-4
6.942223900205026E-4
6.94542390020525E-4
6.948623900205474E-4
6.951823900205698E-4
6.955023900205922E-4
6.958223900206146E-4
6.96142390020637E-4
6.964623900206593E-4
6.967823900206817E-4
6.971023900207041E-4
6.974223900207265E-4
6.977423900207489E-4
6.980623900207713E-4
6.983823900207937E-4
6.98702390020816E-4
6.990223900208384E-4
6.993423900208608E-4
6.996623900208832E-4
6.999823900209056E-4
7.00302390020928E-4
7.006223900209504E-4
7.009423900209727E-4
7.012623900209951E-4
7.015823900210175E-4
7.019023900210399E-4
7.022223900210623E-4
7.025423900210847E-4
7.02862390021107E-4
7.031823900211294E-4
7.035023900211518E-4
7.038223900211742E-4
7.041423900211966E-4
7.04462390021219E-4
7.047823900212414E-4
7.051023900212638E-4
7.054223900212861E-4
7.057423900213085E-4
7.060623900213309E-4
7.063823900213533E-4
7.067023900213757E-4
7.070223900213981E-4
7.073423900214205E-4
7.076623900214428E-4
7.079823900214652E-4
7.083023900214876E-4
7.0862239002151E-4
7.089423900215324E-4
7.092623900215548E-4
7.095823900215772E-4
7.099023900215995E-4
7.102223900216219E-4
7.105423900216443E-4
7.108623900216667E-4
7.111823900216891E-4
7.115023900217115E-4
7.118223900217339E-4
7.121423900217562E-4
7.124623900217786E-4
7.12782390021801E-4
7.131023900218234E-4
7.134223900218458E-4
7.137423900218682E-4
7.140623900218906E-4
7.143823900219129E-4
7.147023900219353E-4
7.150223900219577E-4
7.153423900219801E-4
7.156623900220025E-4
7.159823900220249E-4
7.163023900220473E-4
7.166223900220696E-4
7.16942390022092E-4
7.172623900221144E-4
7.175823900221368E-4
7.179023900221592E-4
7.182223900221816E-4
7.18542390022204E-4
7.188623900222263E-4
7.191823900222487E-4
7.195023900222711E-4
7.198425500222949E-4
7.204825500223397E-4
7.211225500223844E-4
7.217625500224292E-4
7.22402550022474E-4
7.230425500225188E-4
7.236825500225635E-4
7.249011100225508E-4
7.261811100225319E-4
7.272479900225341E-4
7.278879900225789E-4
7.285279900226236E-4
7.291679900226684E-4
7.298079900227132E-4
7.30447990022758E-4
7.310879900228027E-4
7.317279900228475E-4
7.323679900228923E-4
7.33007990022937E-4
7.336479900229818E-4
7.342879900230266E-4
7.349279900230714E-4
7.355679900231161E-4
7.362079900231609E-4
7.368479900232057E-4
7.374879900232504E-4
7.38096950023293E-4
7.384169500233154E-4
7.387369500233378E-4
7.390569500233602E-4
7.393769500233826E-4
7.39696950023405E-4
7.400169500234274E-4
7.403369500234497E-4
7.406569500234721E-4
7.409769500234945E-4
7.412969500235169E-4
7.416169500235393E-4
7.419369500235617E-4
7.422569500235841E-4
7.425769500236064E-4
7.428969500236288E-4
7.432169500236512E-4
7.435369500236736E-4
7.43856950023696E-4
7.441769500237184E-4
7.444969500237408E-4
7.448169500237631E-4
7.451369500237855E-4
7.454569500238079E-4
7.457769500238303E-4
7.460969500238527E-4
7.464169500238751E-4
7.467369500238975E-4
7.470569500239198E-4
7.473769500239422E-4
7.476969500239646E-4
7.48016950023987E-4
7.483369500240094E-4
7.486569500240318E-4
7.489769500240542E-4
7.492969500240765E-4
7.496169500240989E-4
7.499369500241213E-4
7.502569500241437E-4
7.505769500241661E-4
7.508969500241885E-4
7.512169500242109E-4
7.515369500242332E-4
7.518569500242556E-4
7.52176950024278E-4
7.524969500243004E-4
7.528169500243228E-4
7.531369500243452E-4
7.534569500243676E-4
7.537769500243899E-4
7.540969500244123E-4
7.544169500244347E-4
7.547369500244571E-4
7.550569500244795E-4
7.553769500245019E-4
7.556969500245243E-4
7.560169500245466E-4
7.56336950024569E-4
7.566569500245914E-4
7.569769500246138E-4
7.572969500246362E-4
7.576169500246586E-4
7.57936950024681E-4
7.582569500247033E-4
7.585769500247257E-4
7.588969500247481E-4
7.592169500247705E-4
7.595369500247929E-4
7.598569500248153E-4
7.601769500248377E-4
7.6049695002486E-4
7.608169500248824E-4
7.611369500249048E-4
7.614569500249272E-4
7.617769500249496E-4
7.62096950024972E-4
7.624169500249944E-4
7.627369500250167E-4
7.630569500250391E-4
7.633769500250615E-4
7.636969500250839E-4
7.640169500251063E-4
7.643369500251287E-4
7.646569500251511E-4
7.649769500251734E-4
7.652969500251958E-4
7.656169500252182E-4
7.659369500252406E-4
7.66256950025263E-4
7.665769500252854E-4
7.668969500253078E-4
7.672169500253301E-4
7.675369500253525E-4
7.678569500253749E-4
7.681769500253973E-4
7.684969500254197E-4
7.688169500254421E-4
7.691369500254645E-4
7.694569500254868E-4
7.697769500255092E-4
7.703916700255522E-4
7.71031670025597E-4
7.716716700256418E-4
7.723116700256865E-4
7.729516700257313E-4
7.735916700257761E-4
7.742316700258209E-4
7.748716700258656E-4
7.755116700259104E-4
7.761516700259552E-4
7.767916700259999E-4
7.774316700260447E-4
7.780716700260895E-4
7.787116700261343E-4
7.79351670026179E-4
7.799916700262238E-4
7.806316700262686E-4
7.812716700263133E-4
7.819116700263581E-4
7.825516700264029E-4
7.831916700264477E-4
7.838316700264924E-4
7.844716700265372E-4
7.85111670026582E-4
7.857516700266267E-4
7.863916700266715E-4
7.870316700267163E-4
7.876716700267611E-4
7.883116700268058E-4
7.888246300268417E-4
7.891446300268641E-4
7.894646300268865E-4
7.897846300269089E-4
7.901046300269313E-4
7.904246300269536E-4
7.90744630026976E-4
7.910646300269984E-4
7.913846300270208E-4
7.917046300270432E-4
7.920246300270656E-4
7.92344630027088E-4
7.926646300271103E-4
7.929846300271327E-4
7.933046300271551E-4
7.936246300271775E-4
7.939446300271999E-4
7.942646300272223E-4
7.945846300272447E-4
7.94904630027267E-4
7.952246300272894E-4
7.955446300273118E-4
7.958646300273342E-4
7.961846300273566E-4
7.96504630027379E-4
7.968246300274014E-4
7.971446300274237E-4
7.974646300274461E-4
7.977846300274685E-4
7.981046300274909E-4
7.984246300275133E-4
7.987446300275357E-4
7.990646300275581E-4
7.993846300275804E-4
7.997046300276028E-4
8.000246300276252E-4
8.003446300276476E-4
8.0066463002767E-4
8.009846300276924E-4
8.013046300277148E-4
8.016246300277371E-4
8.019446300277595E-4
8.022646300277819E-4
8.025846300278043E-4
8.029046300278267E-4
8.032246300278491E-4
8.035446300278715E-4
8.038646300278938E-4
8.041846300279162E-4
8.045046300279386E-4
8.04824630027961E-4
8.051446300279834E-4
8.054646300280058E-4
8.057846300280282E-4
8.061046300280505E-4
8.064246300280729E-4
8.067446300280953E-4
8.070646300281177E-4
8.073846300281401E-4
8.077046300281625E-4
8.080246300281849E-4
8.083446300282072E-4
8.086646300282296E-4
8.08984630028252E-4
8.093046300282744E-4
8.096246300282968E-4
8.099446300283192E-4
8.102646300283416E-4
8.105846300283639E-4
8.109046300283863E-4
8.112246300284087E-4
8.115446300284311E-4
8.118646300284535E-4
8.121846300284759E-4
8.125046300284983E-4
8.128246300285206E-4
8.13144630028543E-4
8.134646300285654E-4
8.137846300285878E-4
8.141046300286102E-4
8.144246300286326E-4
8.14744630028655E-4
8.150646300286773E-4
8.153846300286997E-4
8.157046300287221E-4
8.160246300287445E-4
8.163446300287669E-4
8.166646300287893E-4
8.169846300288117E-4
8.17304630028834E-4
8.176246300288564E-4
8.179446300288788E-4
8.182646300289012E-4
8.185846300289236E-4
8.18904630028946E-4
8.192246300289684E-4
8.195446300289907E-4
8.199270300290175E-4
8.205670300290623E-4
8.21207030029107E-4
8.218470300291518E-4
8.224870300291966E-4
8.231270300292413E-4
8.237900700292838E-4
8.25070070029265E-4
8.263500700292461E-4
8.273215900292578E-4
8.279615900293025E-4
8.286015900293473E-4
8.292415900293921E-4
8.298815900294369E-4
8.305215900294816E-4
8.311615900295264E-4
8.318015900295712E-4
8.324415900296159E-4
8.330815900296607E-4
8.337215900297055E-4
8.343615900297503E-4
8.35001590029795E-4
8.356415900298398E-4
8.362815900298846E-4
8.369215900299293E-4
8.375615900299741E-4
8.381187100300131E-4
8.384387100300355E-4
8.387587100300579E-4
8.390787100300802E-4
8.393987100301026E-4
8.39718710030125E-4
8.400387100301474E-4
8.403587100301698E-4
8.406787100301922E-4
8.409987100302146E-4
8.413187100302369E-4
8.416387100302593E-4
8.419587100302817E-4
8.422787100303041E-4
8.425987100303265E-4
8.429187100303489E-4
8.432387100303713E-4
8.435587100303936E-4
8.43878710030416E-4
8.441987100304384E-4
8.445187100304608E-4
8.448387100304832E-4
8.451587100305056E-4
8.45478710030528E-4
8.457987100305503E-4
8.461187100305727E-4
8.464387100305951E-4
8.467587100306175E-4
8.470787100306399E-4
8.473987100306623E-4
8.477187100306847E-4
8.48038710030707E-4
8.483587100307294E-4
8.486787100307518E-4
8.489987100307742E-4
8.493187100307966E-4
8.49638710030819E-4
8.499587100308414E-4
8.502787100308637E-4
8.505987100308861E-4
8.509187100309085E-4
8.512387100309309E-4
8.515587100309533E-4
8.518787100309757E-4
8.521987100309981E-4
8.525187100310204E-4
8.528387100310428E-4
8.531587100310652E-4
8.534787100310876E-4
8.5379871003111E-4
8.541187100311324E-4
8.544387100311548E-4
8.547587100311771E-4
8.550787100311995E-4
8.553987100312219E-4
8.557187100312443E-4
8.560387100312667E-4
8.563587100312891E-4
8.566787100313115E-4
8.569987100313338E-4
8.573187100313562E-4
8.576387100313786E-4
8.57958710031401E-4
8.582787100314234E-4
8.585987100314458E-4
8.589187100314682E-4
8.592387100314905E-4
8.595587100315129E-4
8.598787100315353E-4
8.601987100315577E-4
8.605187100315801E-4
8.608387100316025E-4
8.611587100316249E-4
8.614787100316472E-4
8.617987100316696E-4
8.62118710031692E-4
8.624387100317144E-4
8.627587100317368E-4
8.630787100317592E-4
8.633987100317816E-4
8.637187100318039E-4
8.640387100318263E-4
8.643587100318487E-4
8.646787100318711E-4
8.649987100318935E-4
8.653187100319159E-4
8.656387100319383E-4
8.659587100319606E-4
8.66278710031983E-4
8.665987100320054E-4
8.669187100320278E-4
8.672387100320502E-4
8.675587100320726E-4
8.67878710032095E-4
8.681987100321173E-4
8.685187100321397E-4
8.688387100321621E-4
8.691587100321845E-4
8.694787100322069E-4
8.697987100322293E-4
8.704351900322738E-4
8.710751900323186E-4
8.717151900323633E-4
8.723551900324081E-4
8.729951900324529E-4
8.736351900324977E-4
8.742751900325424E-4
8.749151900325872E-4
8.75555190032632E-4
8.761951900326767E-4
8.768351900327215E-4
8.774751900327663E-4
8.78115190032811E-4
8.787551900328558E-4
8.793951900329006E-4
8.800351900329454E-4
8.806751900329901E-4
8.813151900330349E-4
8.819551900330797E-4
8.825951900331245E-4
8.832351900331692E-4
8.83875190033214E-4
8.845151900332588E-4
8.851551900333035E-4
8.857951900333483E-4
8.864351900333931E-4
8.870751900334379E-4
8.877151900334826E-4
8.883551900335274E-4
8.88834870033561E-4
8.891548700335833E-4
8.894748700336057E-4
8.897948700336281E-4
8.901148700336505E-4
8.904348700336729E-4
8.907548700336953E-4
8.910748700337177E-4
8.9139487003374E-4
8.917148700337624E-4
8.920348700337848E-4
8.923548700338072E-4
8.926748700338296E-4
8.92994870033852E-4
8.933148700338744E-4
8.936348700338967E-4
8.939548700339191E-4
8.942748700339415E-4
8.945948700339639E-4
8.949148700339863E-4
8.952348700340087E-4
8.95554870034031E-4
8.958748700340534E-4
8.961948700340758E-4
8.965148700340982E-4
8.968348700341206E-4
8.97154870034143E-4
8.974748700341654E-4
8.977948700341878E-4
8.981148700342101E-4
8.984348700342325E-4
8.987548700342549E-4
8.990748700342773E-4
8.993948700342997E-4
8.997148700343221E-4
9.000348700343445E-4
9.003548700343668E-4
9.006748700343892E-4
9.009948700344116E-4
9.01314870034434E-4
9.016348700344564E-4
9.019548700344788E-4
9.022748700345012E-4
9.025948700345235E-4
9.029148700345459E-4
9.032348700345683E-4
9.035548700345907E-4
9.038748700346131E-4
9.041948700346355E-4
9.045148700346579E-4
9.048348700346802E-4
9.051548700347026E-4
9.05474870034725E-4
9.057948700347474E-4
9.061148700347698E-4
9.064348700347922E-4
9.067548700348146E-4
9.070748700348369E-4
9.073948700348593E-4
9.077148700348817E-4
9.080348700349041E-4
9.083548700349265E-4
9.086748700349489E-4
9.089948700349713E-4
9.093148700349936E-4
9.09634870035016E-4
9.099548700350384E-4
9.102748700350608E-4
9.105948700350832E-4
9.109148700351056E-4
9.11234870035128E-4
9.115548700351503E-4
9.118748700351727E-4
9.121948700351951E-4
9.125148700352175E-4
9.128348700352399E-4
9.131548700352623E-4
9.134748700352847E-4
9.13794870035307E-4
9.141148700353294E-4
9.144348700353518E-4
9.147548700353742E-4
9.150748700353966E-4
9.15394870035419E-4
9.157148700354414E-4
9.160348700354637E-4
9.163548700354861E-4
9.166748700355085E-4
9.169948700355309E-4
9.173148700355533E-4
9.176348700355757E-4
9.17954870035598E-4
9.182748700356204E-4
9.185948700356428E-4
9.189148700356652E-4
9.192348700356876E-4
9.1955487003571E-4
9.199475100357374E-4
9.205875100357822E-4
9.21227510035827E-4
9.218675100358718E-4
9.225075100359165E-4
9.231475100359613E-4
9.238310300360017E-4
9.251110300359829E-4
9.26391030035964E-4
9.273350300359784E-4
9.279750300360232E-4
9.28615030036068E-4
9.292550300361127E-4
9.298950300361575E-4
9.305350300362023E-4
9.31175030036247E-4
9.318150300362918E-4
9.324550300363366E-4
9.330950300363814E-4
9.337350300364261E-4
9.343750300364709E-4
9.350150300365157E-4
9.356550300365605E-4
9.362950300366052E-4
9.3693503003665E-4
9.375750300366948E-4
9.381193500367328E-4
9.384393500367552E-4
9.387593500367776E-4
9.390793500368E-4
9.393993500368224E-4
9.397193500368448E-4
9.400393500368672E-4
9.403593500368895E-4
9.406793500369119E-4
9.409993500369343E-4
9.413193500369567E-4
9.416393500369791E-4
9.419593500370015E-4
9.422793500370239E-4
9.425993500370462E-4
9.429193500370686E-4
9.43239350037091E-4
9.435593500371134E-4
9.438793500371358E-4
9.441993500371582E-4
9.445193500371806E-4
9.448393500372029E-4
9.451593500372253E-4
9.454793500372477E-4
9.457993500372701E-4
9.461193500372925E-4
9.464393500373149E-4
9.467593500373373E-4
9.470793500373596E-4
9.47399350037382E-4
9.477193500374044E-4
9.480393500374268E-4
9.483593500374492E-4
9.486793500374716E-4
9.48999350037494E-4
9.493193500375163E-4
9.496393500375387E-4
9.499593500375611E-4
9.502793500375835E-4
9.505993500376059E-4
9.509193500376283E-4
9.512393500376507E-4
9.51559350037673E-4
9.518793500376954E-4
9.521993500377178E-4
9.525193500377402E-4
9.528393500377626E-4
9.53159350037785E-4
9.534793500378074E-4
9.537993500378297E-4
9.541193500378521E-4
9.544393500378745E-4
9.547593500378969E-4
9.550793500379193E-4
9.553993500379417E-4
9.557193500379641E-4
9.560393500379864E-4
9.563593500380088E-4
9.566793500380312E-4
9.569993500380536E-4
9.57319350038076E-4
9.576393500380984E-4
9.579593500381208E-4
9.582793500381431E-4
9.585993500381655E-4
9.589193500381879E-4
9.592393500382103E-4
9.595593500382327E-4
9.598793500382551E-4
9.601993500382775E-4
9.605193500382998E-4
9.608393500383222E-4
9.611593500383446E-4
9.61479350038367E-4
9.617993500383894E-4
9.621193500384118E-4
9.624393500384342E-4
9.627593500384565E-4
9.630793500384789E-4
9.633993500385013E-4
9.637193500385237E-4
9.640393500385461E-4
9.643593500385685E-4
9.646793500385909E-4
9.649993500386132E-4
9.653193500386356E-4
9.65639350038658E-4
9.659593500386804E-4
9.662793500387028E-4
9.665993500387252E-4
9.669193500387476E-4
9.672393500387699E-4
9.675593500387923E-4
9.678793500388147E-4
9.681993500388371E-4
9.685193500388595E-4
9.688393500388819E-4
9.691593500389043E-4
9.694793500389266E-4
9.69799350038949E-4
9.704364700389936E-4
9.710764700390384E-4
9.717164700390831E-4
9.723564700391279E-4
9.729964700391727E-4
9.736364700392175E-4
9.742764700392622E-4
9.74916470039307E-4
9.755564700393518E-4
9.761964700393965E-4
9.768364700394412E-4
9.77476470039486E-4
9.781164700395307E-4
9.787564700395755E-4
9.793964700396203E-4
9.80036470039665E-4
9.806764700397098E-4
9.813164700397546E-4
9.819564700397994E-4
9.825964700398441E-4
9.83236470039889E-4
9.838764700399337E-4
9.845164700399785E-4
9.851564700400232E-4
9.85796470040068E-4
9.864364700401128E-4
9.870764700401575E-4
9.877164700402023E-4
9.88356470040247E-4
9.8882783004028E-4
9.891478300403024E-4
9.894678300403248E-4
9.897878300403472E-4
9.901078300403696E-4
9.90427830040392E-4
9.907478300404144E-4
9.910678300404368E-4
9.913878300404591E-4
9.917078300404815E-4
9.92027830040504E-4
9.923478300405263E-4
9.926678300405487E-4
9.92987830040571E-4
9.933078300405935E-4
9.936278300406158E-4
9.939478300406382E-4
9.942678300406606E-4
9.94587830040683E-4
9.949078300407054E-4
9.952278300407278E-4
9.955478300407502E-4
9.958678300407725E-4
9.96187830040795E-4
9.965078300408173E-4
9.968278300408397E-4
9.97147830040862E-4
9.974678300408845E-4
9.977878300409069E-4
9.981078300409292E-4
9.984278300409516E-4
9.98747830040974E-4
9.990678300409964E-4
9.993878300410188E-4
9.997078300410412E-4
9.999999900410616E-4
0.0010000003100410616
