0.0
8.62666460698771E-7
2.0338626175329785E-6
1.4122907260858707E-4
0.001871236295935148
0.006172110900296743
0.01312783748981825
0.022685822654956767
0.03475959205643265
0.0492503626635607
0.0660543898569167
0.08506614970410392
0.10617993120848657
0.1292907118957188
0.15429467101410718
0.1810895032981407
0.20957461561544985
0.23965125123498457
0.27122256749635304
0.30419368246739326
0.33847170040031016
0.3739657223744054
0.4105868464078934
0.44824815998278966
0.48686472705145334
0.5263535710062366
0.5666336546910561
0.6076258582521235
0.6492529554245499
0.6914395887064779
0.7341122437659374
0.7771992233464945
0.8206306208781675
0.86433829395487
0.9082558378048483
0.952318558853742
0.9964634484589294
1.0406291568773858
1.084755967516378
1.1287857715060228
1.1726620426247805
1.2163298126024913
1.2597356468205403
1.3028276204249682
1.3455552948652723
1.3878696948696612
1.4297232858658664
1.4710699518560055
1.5118649737535874
1.5520650081911909
1.591628066808157
1.6305134960292134
1.6686819573471214
1.7060954081253863
1.742717082940963
1.7785114754918119
1.813444321100547
1.8474825798533785
1.8805944204237708
1.912749204643161
1.943917472897788
1.9740709304519533
2.003182434825965
2.031225984393459
2.05817670841118
2.084010858758894
2.1087058037551936
2.1322400245354465
2.1545931146464885
2.1757457837516263
2.195679866683561
2.2143783395900623
2.2318253456799857
2.2480062342538303
2.2629076185693715
2.2765174611489187
2.2888252003264737
2.2998219410368446
2.309500750008269
2.3178571294985955
2.324889816128262
2.330602220497016
2.33500526753995
2.338123760447097
2.340013539757906
2.340881898007848
2.340975016584572
2.3409794591762605
2.3409835799584386
2.340987437923549
2.3409910168904635
2.3409943010983363
2.3409972752610146
2.3409999245917206
2.341002234826909
2.3410041922492395
2.3410057837097296
2.341006996648933
2.341007819117217
2.3410082397940366
2.341008248006168
2.341007833744964
2.341006987682474
2.341005701186513
2.3410039663345645
2.34100282436396
2.3410016609072843
2.341000381861091
2.340998986491121
2.340997474109995
2.340995844077477
2.3409940958007294
2.340992228734573
2.3409902423816757
2.340988136292773
2.3409859100668515
2.340983563351328
2.3409810958421393
2.3409785072839076
2.3409757974700454
2.340972966242809
2.3409700134933957
2.340966939161963
2.3409637432376758
2.34096042575869
2.3409569868121425
2.340953426517843
2.3409497138567494
2.340902200243577
2.339654291204371
2.335802759251861
2.3290878921673164
2.319461493066665
2.3069221987097155
2.291486821117975
2.2731813519819553
2.2520372210858524
2.22808945558744
2.2013756653368177
2.1719354348712563
2.139809934722689
2.105041659527298
2.0676742435943103
2.027752325944278
1.985321448119497
1.940427974378608
1.893119027578643
1.8434424362939543
1.7914466901347161
1.7371809011440145
1.680694769761893
1.6220385542595046
1.5612630428347105
1.4984195277643864
1.4335597811554712
1.366736031943952
1.2980009438705027
1.2274075942209703
1.1550094531652488
1.080860363562663
1.0050145211290133
0.9275264548813721
0.8484510077934011
0.767843317607112
0.6857587977576336
0.6022531183760502
0.5173821873423702
0.43120213136630753
0.3437692770783167
0.2551401321170943
0.1653713662030485
0.07451979218989875
-0.0173576529111766
-0.11020392693850531
-0.20396190162017327
-0.29857438164807854
-0.39398412378543624
-0.4901338560062607
-0.5869662966645005
-0.684424173689758
-0.7824502438059471
-0.880987311768629
-0.9799782496163577
-1.079366015930944
-1.1790936751011731
-1.2791044165842786
-1.3793415741591502
-1.4797486451650896
-1.5802693097197253
-1.6808474499095443
-1.7814271689464163
-1.8819528102833203
-1.9823689766824346
-2.0826205492287735
-2.182652706282381
-2.282410942362212
-2.381841086954741
-2.480889323240428
-2.5795022067311697
-2.6776266838119516
-2.7752101101799522
-2.872200269174539
-2.968545389991557
-3.0641941657756706
-3.159095771584404
-3.253199882217982
-3.3464566899091093
-3.438816921867086
-3.5302318576710596
-3.6206533465073742
-3.710033824246372
-3.798326330354503
-3.885484524637962
-3.9714627038145944
-4.056215817911591
-4.139699486486827
-4.221870014673135
-4.3026844090448035
-4.382100393307852
-4.460076423815699
-4.536571704914496
-4.611546204123032
-4.684960667155318
-4.756776632795576
-4.826956447638866
-4.895463280714076
-4.962261138010358
-5.027314876933621
-5.090590220726137
-5.152053772890667
-5.2116730316706565
-5.269416404651128
-5.325253223560821
-5.379153759377582
-5.43108923786533
-5.4810318557066
-5.528954797440466
-5.574832253477738
-5.618639439547839
-5.660352618045861
-5.699949121905664
-5.737407381846348
-5.772706958158737
-5.805828578662441
-5.836754185160805
-5.865466991784793
-5.89195156029357
-5.916193900121042
-5.938181605542959
-5.95790405039397
-5.975352675640956
-5.990521434296462
-6.0034075197533845
-6.014012646321014
-6.0223455239154475
-6.028427321191802
-6.032306458834581
-6.0341158943081785
-6.03442442941649
-6.034428042081342
-6.03442801080838
-6.034427856358658
-6.034427587378021
-6.034427203084705
-6.03442670272084
-6.034426085575228
-6.03442535098383
-6.034424498329832
-6.034423527044055
-6.03442243660504
-6.034421226503354
-6.034419856458819
-6.0343840111616345
-6.033349589771986
-6.0300149962838105
-6.024143493987151
-6.015725713502609
-6.004800874628405
-5.991425597692223
-5.975664209190029
-5.957584743435384
-5.937256995698905
-5.914751464931594
-5.890138734116377
-5.8634890866336
-5.8348722591427835
-5.804357277898901
-5.772012348370188
-5.7379047801613146
-5.702100936030726
-5.664666197763678
-5.625664944083087
-5.585160537304973
-5.543215316435381
-5.49989059506548
-5.45524666287092
-5.4093427898349224
-5.362237232535924
-5.3139872420008585
-5.264649072741884
-5.214277992681598
-5.162928293736207
-5.110653302876355
-5.057505393522826
-5.00353599716408
-4.948795615105209
-4.893333830276731
-4.837199319045016
-4.78043986297871
-4.723102360533949
-4.665232838629104
-4.60687646408576
-4.548077554917356
-4.488879591451451
-4.429325227274506
-4.369456299990802
-4.309313841790024
-4.248938089818998
-4.1883684963553005
-4.127643738781693
-4.066801729361015
-4.005879624812534
-3.9449138356911546
-3.883940035571761
-3.822993170041166
-3.7621074655008635
-3.7013164377838654
-3.640652900589351
-3.580148973738807
-3.5198360912579343
-3.459745009288142
-3.399905813832031
-3.3403479283370308
-3.2811001211214874
-3.2221905126474266
-3.1636465826443056
-3.1054951770878354
-3.0477625150381913
-2.990474195341477
-2.9336552031986534
-2.877329916605545
-2.821522112668008
-2.766254973795607
-2.7115510937775475
-2.657432483744141
-2.6039205780169574
-2.551036239850841
-2.498799767070541
-2.447230897604601
-2.396348814919138
-2.346172153353401
-2.296719003359374
-2.248006916646921
-2.200052911235898
-2.1528734764162567
-2.106484577616791
-2.0609016611828066
-2.0161396590624285
-1.9491044506510624
-1.864739478778902
-1.7839027627472808
-1.7066897102445335
-1.6331880120801656
-1.5634777613306885
-1.4976315628740295
-1.4357146310825442
-1.3777848723736097
-1.3238929476933374
-1.2740823074775776
-1.2283891875617265
-1.1868425477229985
-1.149463922759505
-1.1162671345835906
-1.0872577725909631
-1.0624322647294095
-1.041776171738936
-1.0252608633293998
-1.0128363708223949
-1.0044133934434796
-0.9998041654572305
-0.9984168528962508
-0.9983449676929108
-0.9983396522428043
-0.9983349758971498
-0.9983306142144872
-0.9983265763384114
-0.998322871955168
-0.998319510216281
-0.9983179161307574
-0.9983164580584881
-0.9983150898442474
-0.9983138124370258
-0.9983126267491979
-0.9983115336561557
-0.99831053399595
-0.9983096285689508
-0.9983088181375139
-0.9983081034256788
-0.9983074851188629
-0.9983069638635894
-0.9983065402672231
-0.9983062148977093
-0.9983059882833539
-0.9983058609126001
-0.9983058332338343
-0.9983059056551914
-0.9983060785443939
-0.9983063522285957
-0.9983067269942493
-0.9983072030869852
-0.9983077807115076
-0.9983084600315081
-0.9983092411696028
-0.9983101242072676
-0.9983111091848128
-0.9983121961013552
-0.9983133849148198
-0.9983146755419469
-0.9983160678583339
-0.9983175616984726
-0.9983191568558074
-0.9983208530828315
-0.9983226500911698
-0.9983245475516977
-0.9983265450946675
-0.9983286423099688
-0.9983308389904116
-0.9983336522931424
-0.9985876143178056
-1.0007471592899264
-1.0056504242503779
-1.013408690780895
-1.0240253525214336
-1.03747273242788
-1.0537097890007632
-1.072688423265212
-1.094356299237522
-1.1186583002539054
-1.1455373608059236
-1.1749349791771053
-1.206791552972293
-1.2410466099223085
-1.2776389735358948
-1.3165068865008922
-1.3575881057255168
-1.4008199777833985
-1.4461395004794702
-1.4934833743754259
-1.542788046917602
-1.593989751027235
-1.6470245394873728
-1.7018283161004395
-1.7583368643379254
-1.8164858740242793
-1.876210966466883
-1.9374477183485304
-2.0001316846277937
-2.0641984206391046
-2.1295835035435497
-2.196222553249999
-2.2640512529017864
-2.3330053690049066
-2.403020771258745
-2.474033452138105
-2.545979546265641
-2.6187953496061738
-2.6924173385076964
-2.7667821886089796
-2.8418267936292185
-2.9174882840517062
-2.993704045710675
-3.0704117382878513
-3.1475493137234394
-3.2250550345443934
-3.3028674921115604
-3.3809256247860042
-3.4591687360137775
-3.537536512327818
-3.615969041264637
-3.694406829193207
-3.772790819052784
-3.8510624079961047
-3.9463945262889966
-4.101723995691006
-4.255636770779304
-4.407687539155794
-4.55744024216195
-4.7044686074468824
-4.848356672897847
-4.988699301600516
-5.125102687650867
-5.257184852860066
-5.384576134703998
-5.506919666308213
-5.623871849890548
-5.735102826005889
-5.840296942315931
-5.939153227719743
-6.03138588101501
-6.116724788699145
-6.19491609573983
-6.2657228694805935
-6.328925927355187
-6.3843249597735445
-6.431740210081932
-6.471015283663643
-6.5020224993749505
-6.524674946503801
-6.538961469353115
-6.545115127285276
-6.545651906380056
-6.545652631493792
-6.545652952407698
-6.545652961933681
-6.545652856263582
-6.5456526606541106
-6.545652374130495
-6.545651995754644
-6.545651524625535
-6.545650959879483
-6.545650300690646
-6.545649546271215
-6.545648695871801
-6.545647748781777
-6.545646704329489
-6.545645561882587
-6.5456443208482735
-6.545642980673561
-6.545641540845438
-6.545640000891137
-6.545638360378307
-6.545636618915164
-6.545634776145078
-6.545632831317411
-6.545630748843764
-6.545625685120392
-6.545488001932336
-6.544500140375986
-6.542106917762674
-6.538169685964169
-6.532662922795211
-6.525595957255698
-6.516992632153112
-6.506883943461451
-6.4953047558213095
-6.482292121817968
-6.4678843355897415
-6.452120361293955
-6.4350394692492285
-6.416680994715082
-6.397084172888097
-6.37628802328466
-6.35433126725247
-6.331252268360659
-6.307088988983554
-6.2818789585890045
-6.2556592506392334
-6.228466465926995
-6.200336720782931
-6.1713056390108925
-6.141408346702793
-6.110679469294339
-6.079153130374577
-6.046862951874079
-6.0138420553398735
-5.980123064067351
-5.945738105907601
-5.910718816605263
-5.875096343550414
-5.838901349850812
-5.802164018648022
-5.764914057615881
-5.727180703590115
-5.688992727288012
-5.650378438083852
-5.611365688812227
-5.571981880576297
-5.532253967541828
-5.49220846170202
-5.4518714376001185
-5.411268536999686
-5.37042497349425
-5.329365537049878
-5.2881145984750075
-5.2466961138141235
-5.2051336286617715
-5.163450282394899
-5.121668812322006
-5.079811557748311
-5.0379004639564595
-4.995957086102879
-4.954002593030262
-4.912057770996847
-4.870143027323532
-4.828278393959903
-4.786483530970891
-4.744777729945204
-4.703179917327332
-4.661708657675067
-4.620382156843942
-4.579218265100916
-4.53823448016881
-4.497447950203684
-4.456875476707144
-4.41653351737519
-4.376438188885952
-4.336605269627955
-4.297050202370986
-4.229632900519072
-4.1525208041557935
-4.076793253195501
-4.0025575647700355
-3.929915987517913
-3.8589657727014024
-3.789799242707598
-3.7225038570594013
-3.657162276027723
-3.5938524218948946
-3.53264753786886
-3.473616244585419
-3.416822594056516
-3.362326120821689
-3.310181889926906
-3.260440541177896
-3.213148328874877
-3.168347155901696
-3.126074600571671
-3.0863639339519042
-3.0492441243851203
-3.014739824412131
-2.9828713329473753
-2.9536545218054964
-2.9271007094796317
-2.9032164544473886
-2.882003221249539
-2.863456836688073
-2.8475665814546303
-2.835435967646122
-2.8296706806948144
-2.8245533846783903
-2.8200779166109684
-2.816236435668702
-2.8130187407488623
-2.810411125132543
-2.8083943364449624
-2.8069396905847417
-2.8060012040466873
-2.8054998929525596
-2.805303592081287
-2.8052510910721926
-2.8052394191530325
-2.8052358814362064
-2.805233792328477
-2.8052320014368863
-2.8052303245824186
-2.8052287340559277
-2.8052272262747286
-2.8052258011966367
-2.8052244592534055
-2.8052232009123825
-2.805222026616214
-2.8052209367746883
-2.8052199317636224
-2.805219011924521
-2.805218177564467
-2.805217428955932
-2.8052167663367125
-2.805216189909821
-2.8052156998433673
-2.805215296270523
-2.805214979289439
-2.8052147489631727
-2.8052146053197298
-2.8052145483519917
-2.805214578017714
-2.8052146942395955
-2.805214896905199
-2.8052151858671035
-2.8052155609428797
-2.8052160219151903
-2.805216568531872
-2.805217200506026
-2.805217917516123
-2.8052187192061564
-2.8052196051857328
-2.8052205750302734
-2.80522162828117
-2.8052227644568766
-2.8052240004411475
-2.8052473881470252
-2.8061940538103918
-2.8095095917832906
-2.815485738120781
-2.824151306149024
-2.8354818544786173
-2.8494334746359335
-2.865952947721297
-2.884981869039762
-2.906458646945832
-2.9303195937522983
-2.9564995751189405
-2.98493242351162
-3.015551216199936
-3.0482884709428304
-3.0830762893106405
-3.1198464654097484
-3.1585305710102727
-3.199060024139218
-3.2413661458158063
-3.2853802081099985
-3.331033475739292
-3.378257242777908
-3.426982865617899
-3.4771417930200594
-3.52866559387982
-3.581485983180634
-3.635534846495718
-3.690744263316846
-3.747046529427193
-3.804374178488417
-3.862660002976503
-3.9218370745732223
-3.981838764098396
-4.042598761051327
-4.104051092816106
-4.166130143574944
-4.228770672964862
-4.291907834506294
-4.35547719382624
-4.419414746694248
-4.483656936885556
-4.548140673882616
-4.612803350423818
-4.677582859906003
-4.742936332713136
-4.87252488509752
-5.001607326634509
-5.129711359993729
-5.256374587079371
-5.381145029254682
-5.503581639091541
-5.623254803725563
-5.739746840059072
-5.852652482324642
-5.96157936293676
-6.066148488181829
-6.165994711226984
-6.260767206339124
-6.350129950385512
-6.433762221148301
-6.5113591276583715
-6.582632197409602
-6.647310062498554
-6.705139318978543
-6.755885698222431
-6.799335828804636
-6.835300202325888
-6.863618875723724
-6.88417449967217
-6.896931052103442
-6.902131335693261
-6.902489075836507
-6.9024895028439595
-6.902489631948864
-6.9024894952297435
-6.9024891516144065
-6.902488858329343
-6.9024884934311155
-6.902488055915289
-6.902487544806659
-6.90248695915972
-6.9024862980589665
-6.902485560619343
-6.9024847459865875
-6.902483853337543
-6.902482881880564
-6.902481830855764
-6.902480699535408
-6.902479487224177
-6.90247819325942
-6.902476817011467
-6.902475357883883
-6.902473815313731
-6.902472188771744
-6.90247047776262
-6.902468681825199
-6.902466800532636
-6.902464833492607
-6.902462780347444
-6.902460640774174
-6.90245841448342
-6.902456101204382
-6.902453700496906
-6.902451209348817
-6.902448590649051
-6.902445349720605
-6.90243488746204
-6.902348349916501
-6.9019053634281615
-6.900780437789828
-6.898817197076735
-6.895956374074185
-6.892177217905688
-6.887476261479963
-6.881858951027997
-6.875335815211631
-6.867920489688695
-6.859628602036564
-6.850477097079607
-6.840483805874046
-6.829667158146099
-6.8180459835758285
-6.805639370463469
-6.792466562784995
-6.778546883710081
-6.763899677835099
-6.748544266948363
-6.732499915770899
-6.715785805175827
-6.698421011097637
-6.680424487827949
-6.661815054730913
-6.642611385652201
-6.622832000468524
-6.602495258350951
-6.581619352410308
-6.560222305463039
-6.538321966710444
-6.515936009165046
-6.493081927690542
-6.4697770375465575
-6.446038473349671
-6.421883188377799
-6.397327954157699
-6.372389360286159
-6.347083814442884
-6.3214275425607065
-6.295436589124056
-6.269126817571036
-6.242513910778983
-6.215613371615668
-6.188440523541797
-6.161010511252389
-6.133338301346439
-6.105438683016109
-6.077326268747991
-6.0490154950299875
-6.020520623058825
-5.991855739443352
-5.963034756900345
-5.934071414939344
-5.904979280534511
-5.875771748780968
-5.846462043534276
-5.8170632180318025
-5.787588155494771
-5.7580495697106455
-5.728460005594936
-5.698831839732606
-5.6691772808987
-5.624406179093217
-5.565086615964751
-5.505872818101483
-5.4468544900242
-5.388118703089956
-5.329749906656269
-5.2516794212959415
-5.1379327527136915
-5.062984537196932
-5.008187850094757
-4.954256715992314
-4.9012556870198285
-4.8492467578789755
-4.798289371066335
-4.74844042190713
-4.69975426344419
-4.652282711212298
-4.606075047911674
-4.561178027972369
-4.517635881977581
-4.475490320882081
-4.434780539924173
-4.395543222081836
-4.357812540861663
-4.321620162130201
-4.286995244592135
-4.262888672917431
-4.2467578281790646
-4.231032846919295
-4.2157164378674645
-4.200811151776164
-4.186319380946825
-4.17224335864321
-4.15858515837318
-4.145346693015221
-4.132529713762024
-4.120135808847204
-4.108166402015071
-4.096622750684228
-4.085505943745334
-4.074816898919844
-4.064556359589505
-4.054724890984079
-4.045322875587267
-4.036350507583388
-4.0278077861195545
-4.019694507094169
-4.012010253096523
-4.004754381006208
-3.9979260066009985
-3.9915239852990183
-3.9855468878462608
-3.9799929693076015
-3.974860129058219
-3.9701458584861213
-3.965847171617142
-3.961960511541699
-3.9584816218066994
-3.9554053658632795
-3.952725467469373
-3.9504341273969663
-3.948521440930719
-3.94697448598522
-3.9457758580746853
-3.944901293527307
-3.944315973880189
-3.9439699013742673
-3.943796540530642
-3.9437242118542395
-3.9436981053722038
-3.9436892971822464
-3.943686253294689
-3.943685045457837
-3.9436844364694332
-3.9436840531831883
-3.943683786366053
-3.9436836047374135
-3.9436834993983445
-3.943683467698747
-3.943683508675373
-3.9436836217937556
-3.9436838066096316
-3.943684062680086
-3.943684389540794
-3.943684786700472
-3.9436852536401084
-3.943685790347904
-3.9436869803346783
-3.943883700935597
-3.945677901888226
-3.949880682052863
-3.956600601763397
-3.965830926349579
-3.9775324245744335
-3.991652245561459
-4.008130572676121
-4.026903577441853
-4.047904936804103
-4.071066696455792
-4.096319801379828
-4.123594442377095
-4.152820294071193
-4.183926685529136
-4.216842727241473
-4.251497408829485
-4.287819676525191
-4.325738496314513
-4.36518290669221
-4.406082063743342
-4.448365280458936
-4.491962061653434
-4.536802135480077
-4.582815482282834
-4.629932361338035
-4.678083335906662
-4.727199296920082
-4.77721148554976
-4.828051514856405
-4.87965139067319
-4.931943531844964
-4.9848607899209805
-5.038336468379564
-5.092304341447214
-5.146698672563006
-5.20145423252941
-5.25650631738271
-5.31179076601012
-5.401014094512141
-5.512203406543782
-5.623170385495557
-5.733431276823464
-5.842513049753219
-5.949953908195135
-6.055303792725574
-6.158124874456478
-6.257992041855795
-6.354493382031639
-6.447230658727004
-6.535819790423719
-6.619891333755623
-6.699090980287274
-6.773080079358081
-6.841536207493599
-6.904153818531969
-6.960645033678993
-7.010740679535603
-7.054191784433931
-7.090771978242329
-7.120281848496392
-7.142558161224878
-7.157498119747452
-7.165153029417133
-7.166631590135086
-7.166634511549798
-7.166634042593641
-7.166633364500263
-7.166632468695523
-7.166631346842962
-7.16663060040188
-7.166629884058415
-7.166629107171289
-7.166628268830498
-7.166627368150824
-7.1666264042720815
-7.166625376359538
-7.166624283604218
-7.166623125223242
-7.16662190046016
-7.16662060858517
-7.166619248895358
-7.166617820714933
-7.166616323395049
-7.1666147563135825
-7.166613118873853
-7.166611410501675
-7.166609630638006
-7.166607778721204
-7.166605854143003
-7.166603856136919
-7.166601783488426
-7.166599633761363
-7.166597401176439
-7.166595070633408
-7.166592600409447
-7.166589870764106
-7.166586527579002
-7.166581498119859
-7.166571491897573
-7.166546605530186
-7.1664798330186
-7.166313440968552
-7.165963310213255
-7.165347017946183
-7.164402919883739
-7.163089970378905
-7.161381568332656
-7.159260459239776
-7.156715472325304
-7.1537395232957595
-7.150328374324962
-7.146479840036791
-7.142193261537332
-7.1374691465389795
-7.132308915756679
-7.126714719413127
-7.120689301314518
-7.11423589603384
-7.107358149668955
-7.100060057735563
-7.0923459157457
-7.08422027933564
-7.075687931690763
-7.066753856622391
-7.057423216077124
-7.047701331161322
-7.037593665982116
-7.027105813766366
-7.016243484838018
-7.005012496123672
-6.993418761923637
-6.98146828573874
-6.969167152982662
-6.956521524441732
-6.9435376303690495
-6.930221765119275
-6.916580282246839
-6.902619590002744
-6.888346147175679
-6.873766459231991
-6.858887074715263
-6.843714581873098
-6.828255605482611
-6.812516803850647
-6.796504865968029
-6.780226508799778
-6.763688474695996
-6.746897528909776
-6.729860457210613
-6.712584063583029
-6.695075168001412
-6.677340604273438
-6.659387217945003
-6.641221864260881
-6.622851406175595
-6.6042827124099635
-6.585522655549136
-6.566578110178619
-6.5474559510548636
-6.528163051307839
-6.5087062806729294
-6.489092503750034
-6.469328578287865
-6.447243298438156
-6.406999726237249
-6.3662673945555674
-6.325100629920629
-6.2835534634838
-6.241679581385989
-6.199532276097839
-6.116758658582765
-6.031392958394584
-5.982507250168242
-5.939815754310761
-5.897213608254073
-5.854749236112968
-5.812470266857311
-5.770423494725488
-5.728654840608774
-5.687209314430388
-5.646130978542981
-5.605462912168272
-5.565247176901128
-5.5255247832999475
-5.4863356585827034
-5.447718615446354
-5.409711322024271
-5.372350272993326
-5.335670761838528
-5.314311241562593
-5.296456861573533
-5.278790331741328
-5.261315618164361
-5.2440366062535295
-5.226957100021929
-5.210080821391763
-5.19341140951836
-5.176952420130939
-5.160707324889977
-5.144679510760446
-5.12887227940084
-5.113288846567039
-5.097932341530873
-5.082805806512324
-5.06791219612477
-5.053254376832429
-5.0388351264189595
-5.02465713346605
-5.010722996840853
-4.9970352251907215
-4.983596236443912
-4.970408357314016
-4.957473822806457
-4.944794775724585
-4.93237326617273
-4.920211251053333
-4.908310593554621
-4.896673062625123
-4.885300332430561
-4.8741939817881
-4.863355493572153
-4.852786254085182
-4.842487552385783
-4.832460579565218
-4.82270642796227
-4.813226090304216
-4.80402045876035
-4.795090323891422
-4.786436373475976
-4.778059191190829
-4.769959255118749
-4.7621369360514825
-4.754592495549363
-4.74732608371175
-4.740337736602049
-4.733627373259694
-4.727194792215652
-4.721039667409365
-4.715161543380132
-4.709559829574831
-4.704233793572977
-4.699182552977323
-4.6944050656480245
-4.689900117866015
-4.68566630988634
-4.681702038173433
-4.678005473379121
-4.674574532803422
-4.671406845628902
-4.668499708582968
-4.665850028770399
-4.663454249099554
-4.66130824980502
-4.659407216855967
-4.657745544531801
-4.656364023343957
-4.6562264744400546
-4.65845845202881
-4.6632336800682
-4.6705297516606965
-4.68028235628963
-4.692413800426313
-4.706841721989778
-4.723482295932344
-4.742251395514475
-4.763064892008888
-4.785838597008314
-4.810488093979997
-4.8369285891442475
-4.865074850281283
-4.894841262430544
-4.926141998648666
-4.958891280069985
-4.99300368539302
-5.028394467678918
-5.0649798441724965
-5.1026772378332765
-5.141405462244271
-5.181084851336235
-5.221637341045626
-5.262986512267249
-5.305057604455846
-5.347777508065695
-5.391074742447723
-5.434879424276791
-5.479123230249737
-5.523739356730706
-5.568662478212101
-5.613828705862073
-5.659175547001276
-5.720070179740594
-5.811114230295925
-5.901859029726163
-5.991863989299984
-6.080707017154175
-6.167983759970074
-6.253306954423602
-6.336305877755814
-6.416625887556386
-6.4939280420553445
-6.567888793672086
-6.638199750251538
-6.704567500440575
-6.76671350228509
-6.824374037846784
-6.877300242358992
-6.925258225906475
-6.968029322370249
-7.005410532060832
-7.037215288798526
-7.063274824203157
-7.083440749771602
-7.097590455329383
-7.105640271482973
-7.107587075279177
-7.103740211796832
-7.096991643158142
-7.091055418343811
-7.086013554523272
-7.083292737045417
-7.081278949845031
-7.079422770367765
-7.0777100892902345
-7.076127378059868
-7.0746616990480415
-7.0733007129335945
-7.0720326818582615
-7.070846466879922
-7.069731518383189
-7.068677858401563
-7.067676054250744
-7.0667171834312486
-7.065792790369701
-7.064894836164486
-7.064015643016944
-7.063147835415941
-7.062284280372588
-7.061418029065929
-7.060542262167147
-7.059650240876991
-7.0587352653584645
-7.057790641801432
-7.056809658845813
-7.0557855735521535
-7.05471160658285
-7.053580945788198
-7.052386757016255
-7.051122200713251
-7.049780452762818
-7.048354728022622
-7.046838305135064
-7.045224551384686
-7.043506946614748
-7.041679105468541
-7.039734797461244
-7.037667964600854
-7.035472736449503
-7.033143442651158
-7.030674623045834
-7.028061035553431
-7.025297662044669
-7.02237971243124
-7.019302627206629
-7.016062078658752
-7.012653970958382
-7.0090744393080415
-7.005319848314153
-7.001386789725205
-6.997272079658375
-6.992972755419177
-6.988486072002514
-6.983809498349166
-6.978940713419429
-6.973877602134873
-6.968618251230042
-6.963160945048546
-6.957504161310991
-6.951646566877473
-6.945587013522052
-6.93932453373378
-6.932858336554974
-6.926187803465492
-6.9193124843192155
-6.912232093337642
-6.904946505163904
-6.897455750979319
-6.88976001468394
-6.881859629141665
-6.873755072489892
-6.865446964513258
-6.856936063080881
-6.848223260645813
-6.839309580805534
-6.8301961749221825
-6.820884318800842
-6.8113754094244285
-6.801670961743486
-6.791772605519304
-6.781682082218665
-6.771401241958633
-6.760932040499769
-6.750276536286194
-6.7394368875310535
-6.728415349345886
-6.717214270912352
-6.705836092695131
-6.694283343694553
-6.682558638737802
-6.6706646758075125
-6.658604233406333
-6.646380167956724
-6.633995411234899
-6.621452967837607
-6.608755912681259
-6.595907388532143
-6.582910603567173
-6.569768828964171
-6.556485396521133
-6.534118856747549
-6.506703774422893
-6.478786725244796
-6.45039696046592
-6.421564423559099
-6.392319681596123
-6.347688370043577
-6.287108511040519
-6.233488181203017
-6.202389640219145
-6.171112996422609
-6.13969152676838
-6.10815856407567
-6.076547442372925
-6.044891443529561
-6.013223745172894
-5.98157736989037
-5.94998513571885
-5.918479607924119
-5.887093052074329
-5.855857388412315
-5.824804147531804
-5.793964427363072
-5.763368851473279
-5.733047528686954
-5.703030014030921
-5.687582395674798
-5.672788957499246
-5.658085928712804
-5.643476786744941
-5.628964966499853
-5.614553859314034
-5.6002468119345785
-5.586047125518383
-5.571958054651975
-5.557982806392114
-5.544124539327002
-5.530386362658161
-5.516771335302602
-5.503282465015602
-5.489922707533622
-5.476694965737422
-5.463602088835128
-5.4506468715652705
-5.437832053419293
-5.425160317883547
-5.41263429170049
-5.4002565441488395
-5.388029586342212
-5.375955870546218
-5.364037789513298
-5.352277675835197
-5.340677801312395
-5.3292403763401355
-5.317967549310375
-5.30686140602912
-5.295923969148469
-5.28515719761239
-5.2745629861157965
-5.264143164575575
-5.253899497612592
-5.2438336840438415
-5.233947356383037
-5.224242080348307
-5.214719354375657
-5.205380609135926
-5.19622720705359
-5.187260441825129
-5.178481537934012
-5.169891650160031
-5.1614918630793
-5.153283190551433
-5.145266575189765
-5.137442887809763
-5.129812926850514
-5.12237741776292
-5.1151370123576845
-5.108092288104982
-5.101243747376633
-5.094591816619814
-5.088136845450133
-5.0818791056493415
-5.0758187900508815
-5.06995601129345
-5.06429080041921
-5.0588231052892425
-5.053552788783329
-5.048479626745525
-5.043603305628794
-5.038923419782852
-5.034439468318039
-5.030150851666039
-5.026057034272128
-5.022233339509975
-5.019754605923413
-5.019621907611804
-5.021969638829782
-5.026766859191003
-5.033943492796137
-5.043415509773238
-5.05509313304579
-5.068884257903822
-5.084696098941794
-5.102436063693017
-5.122012250657359
-5.1433337505619585
-5.166310838221105
-5.190855100114897
-5.216879521892922
-5.24429854919209
-5.273028129431912
-5.302985739193859
-5.33409040016057
-5.366262685716716
-5.39942471983438
-5.433500169585187
-5.4684142324365475
-5.504093619347281
-5.540466534556226
-5.577462652844995
-5.615013094951569
-5.6530504017136245
-5.691508507431385
-5.730322712858669
-5.769429658159729
-5.80876729610692
-5.871875492106207
-5.951202527468432
-6.030378148499922
-6.108965547647387
-6.186546060029101
-6.2627185618195895
-6.337098936955598
-6.409319610679779
-6.479029147551889
-6.5458919112657785
-6.609587783816095
-6.669811942250637
-6.726274692508597
-6.7787013619044885
-6.826832255118967
-6.870422683958727
-6.909243090315549
-6.943079298063294
-6.971732960298165
-6.99502232991416
-7.012783615514159
-7.024873507402627
-7.031174347759753
-7.031606385253891
-7.0261649250073495
-7.01510941845853
-7.000913985888448
-6.987580456864004
-6.9753350293266925
-6.9682680071869845
-6.9627918446255554
-6.9575259929479625
-6.95245699053247
-6.9475717799123595
-6.942857700049373
-6.938302478383226
-6.933894222616677
-6.929621412202404
-6.925472889508406
-6.9214378506497685
-6.917505835988857
-6.913666720320735
-6.909910702775956
-6.9062282964891075
-6.902610318095738
-6.899047877133905
-6.895532365436936
-6.892055446611792
-6.888609045701587
-6.885185339130451
-6.881776745025637
-6.87837591400368
-6.874975720497104
-6.871569254683864
-6.868149815066722
-6.864710901732987
-6.861246210308076
-6.857749626599727
-6.8542152219153705
-6.850637249020574
-6.847010138696628
-6.84332849684542
-6.83958710208421
-6.8357809037689385
-6.831905020382918
-6.8279547382284465
-6.82392551036091
-6.819812955708514
-6.815612858325147
-6.811321166729228
-6.806933993286762
-6.802447613602784
-6.7978584658908145
-6.793163150295599
-6.788358428148933
-6.783441221143898
-6.778408610415893
-6.773257835523396
-6.767986293323835
-6.762591536743115
-6.757071273439099
-6.751423364361311
-6.745645822210659
-6.7397368098035875
-6.733694638346492
-6.7275177656259855
-6.72120479412173
-6.714754469048205
-6.708165676331698
-6.7014374405293085
-6.6945689226960585
-6.687559418206019
-6.680408354533574
-6.673115288999676
-6.66567990648878
-6.658102017140955
-6.650381554023494
-6.642518570786342
-6.634513239304965
-6.626365847314153
-6.618076796035793
-6.609646597803597
-6.601075873687321
-6.592365351118737
-6.5835158615215095
-6.5745283379468935
-6.565403812716803
-6.556143415075873
-6.546748368853767
-6.537219990138924
-6.527559684964789
-6.517768947009362
-6.507849355308971
-6.497802571986865
-6.487630339997259
-6.47733448088525
-6.466916892563299
-6.456379547104352
-6.445724488552032
-6.434953830748243
-6.424069755178229
-6.4130745088334855
-6.401970402092366
-6.3907598066188545
-6.379445153279138
-6.368028930076544
-6.356513680104454
-6.342848889334005
-6.3193164868234675
-6.295432264746038
-6.271218782886857
-6.24669925580446
-6.221897492347433
-6.196409765464794
-6.145609593309613
-6.094079808560733
-6.055210283674228
-6.029093536355865
-6.002913221969641
-5.976695994579847
-5.950468535528729
-5.924257505980466
-5.898089500597889
-5.871991002355502
-5.845988338492957
-5.820107637613083
-5.794374787929294
-5.768815396666686
-5.743454750621286
-5.718317777881558
-5.693429010715723
-5.668812549627604
-5.644492028583158
-5.623055216353883
-5.611164848118403
-5.599362075941644
-5.587649642951121
-5.576030255368016
-5.564506581590233
-5.553081251293334
-5.5417568545494955
-5.530535940964249
-5.519421018830947
-5.508414554302755
-5.497518970582253
-5.486736647128151
-5.476069918879144
-5.465521075494726
-5.455092360612555
-5.44478597112231
-5.434604056455516
-5.424548717891319
-5.414622007877514
-5.40482592936673
-5.395162435167067
-5.385633427306979
-5.376240756413486
-5.366986221103522
-5.3578715673873685
-5.348898488083783
-5.340068622245717
-5.331383554595762
-5.322844814970485
-5.3144538777723
-5.306212161427685
-5.298121027850435
-5.290181781908144
-5.282395670890467
-5.2747638839769335
-5.267287551702265
-5.259967745416515
-5.2528054767375725
-5.245801696992541
-5.238957296644637
-5.232273104701535
-5.225749888100531
-5.219388351065378
-5.213189134428911
-5.207152814914463
-5.20127990436859
-5.195570848935956
-5.190026028166104
-5.18464575404026
-5.1794302699042225
-5.174379749291366
-5.1694942946168885
-5.164773935721178
-5.160218628236613
-5.1558282517470815
-5.1516026077039925
-5.1475414170555895
-5.143644317538391
-5.139910860568612
-5.136340507659479
-5.132932626274319
-5.129686485005929
-5.126601247948883
-5.123675968100927
-5.120909579641136
-5.11830092630573
-5.1158707959559955
-5.114361677357076
-5.114999815045811
-5.118034375039463
-5.123456866734479
-5.131206214855303
-5.141203647066639
-5.1533630621725095
-5.1675951141460335
-5.183809109215326
-5.201913999084545
-5.221818958901306
-5.243433759305605
-5.26666902823816
-5.291436447524258
-5.3176489057166245
-5.345220617795183
-5.374067217516005
-5.404105826258751
-5.435255101524246
-5.467435267991108
-5.500568133897469
-5.534577095339618
-5.56938713084823
-5.60492478832974
-5.641118166169871
-5.677896890012352
-5.715192086462469
-5.752936354730451
-5.7910637370285025
-5.829509688364534
-5.868211046235623
-5.907106000608663
-5.981751265936792
-6.059950469732497
-6.137786444799221
-6.214828696380669
-6.290665102573342
-6.364901274177742
-6.43715999177898
-6.507080716931216
-6.574319173766071
-6.638546997409919
-6.699451446168328
-6.756735175526338
-6.810116073754455
-6.859327161614479
-6.904116562940009
-6.944247559903533
-6.979498758904902
-7.00966441505401
-7.034555005820628
-7.053998233000747
-7.067840833595092
-7.075952094508418
-7.078231503226094
-7.074628767520539
-7.065217068864971
-7.050799804435664
-7.035576021064799
-7.021406766488734
-7.008187370899693
-6.9988828240084615
-6.992880113537239
-6.987054759340878
-6.98139446465623
-6.9758873039335185
-6.970521714192333
-6.96528648627632
-6.9601707560110535
-6.955163995276893
-6.950256003015712
-6.945436896197563
-6.940697100779795
-6.936027342696847
-6.931418638923875
-6.926862288660024
-6.922349864679872
-6.917873204900527
-6.913424404211385
-6.908995806609801
-6.904579997681378
-6.900169797457938
-6.895758253679343
-6.8913386354778305
-6.886904427495553
-6.882449324438945
-6.877967226065059
-6.8734522325887415
-6.8688986404932075
-6.864300938721307
-6.8596538052202884
-6.854952103810265
-6.850190881343853
-6.845365365123671
-6.840470960544138
-6.835503248924373
-6.830457985500543
-6.825331097547398
-6.8201186826012785
-6.81481700675908
-6.809422503030327
-6.80393176972243
-6.798341568841386
-6.7926488244935035
-6.786850621275411
-6.780944202642611
-6.774926969248441
-6.768796477247544
-6.762550436559359
-6.756186709088952
-6.74970330690345
-6.7430983903635795
-6.736370266210682
-6.7295173856103245
-6.722538342154265
-6.715431869822766
-6.70819684090988
-6.700832263914417
-6.693337281399483
-6.6857111678235155
-6.677953327345975
-6.670063291610591
-6.662040717509121
-6.6538853849285085
-6.6455971944842975
-6.6371761652427
-6.628622432434102
-6.619936245160183
-6.6111179640968345
-6.6021680591952
-6.593087107382358
-6.583875790263774
-6.574534891829048
-6.565065296162265
-6.5554679851586615
-6.545744036248513
-6.535894620129684
-6.525920998509651
-6.515824521858011
-6.505606627170273
-6.495268835743797
-6.484812750966379
-6.474240056118179
-6.463552512187496
-6.452751955700907
-6.441840296568105
-6.43081951594175
-6.4196916640928805
-6.40845885830187
-6.397123280765387
-6.385687176519429
-6.374152851378619
-6.36252266989204
-6.350799053315516
-6.338984477600644
-6.327081471400526
-6.315092614092348
-6.303020533816808
-6.29009977526433
-6.265556009846084
-6.240723507222754
-6.21562519975007
-6.190284585983362
-6.164725672594555
-6.1389729173781
-6.089493854423605
-6.0370493279987025
-5.993115282305623
-5.966719058038182
-5.9403232619466575
-5.9139540358179055
-5.887637482318673
-5.861399619566502
-5.83526633681229
-5.809263351239106
-5.78341616588208
-5.757750028673754
-5.7322898926194705
-5.707060377106866
-5.682085730352804
-5.657389792990744
-5.632995962800119
-5.608927160578183
-5.585205797153783
-5.562977684444525
-5.551439455599715
-5.540001230996594
-5.528665580620737
-5.517435035146969
-5.5063120850742
-5.495299179877393
-5.484398727176595
-5.473613091922549
-5.462944595598986
-5.452395515441226
-5.441968083670923
-5.431664486746655
-5.421486864629899
-5.411437310066387
-5.40151786788207
-5.3917305342936475
-5.382077256232809
-5.372559930684027
-5.363180404035018
-5.353940471439439
-5.344841876190997
-5.335886309108242
-5.327075407929055
-5.31841075671395
-5.3098938852570585
-5.301526268503578
-5.293309325972268
-5.285244421181568
-5.277332861077587
-5.2695758954619984
-5.261974716417856
-5.254530457730677
-5.247244194302388
-5.2401169415548745
-5.233149654819676
-5.226343228710004
-5.219698496470659
-5.213216229300723
-5.206897135643244
-5.200741860435456
-5.1947509843118915
-5.1889250227517
-5.183264425160216
-5.177769573873197
-5.172440783070254
-5.16727829758198
-5.162282291572414
-5.157452867075642
-5.152790052361122
-5.148293800098556
-5.14396398528678
-5.139800402905077
-5.1358027652371945
-5.131970698807942
-5.128303740860355
-5.124801335286649
-5.121462827906243
-5.118287460962042
-5.1152743666756235
-5.112422559665907
-5.109730927988475
-5.107198222494041
-5.104823044129334
-5.102603828708427
-5.100538828677548
-5.098626176635121
-5.096906596103853
-5.096280577638028
-5.097858238504764
-5.101826145780877
-5.108167127836348
-5.116819055221181
-5.127704067683827
-5.140737566388393
-5.155831776410987
-5.172897395860841
-5.191844469066274
-5.212582921786344
-5.235022941485555
-5.259075279307073
-5.284651503382528
-5.311664213084783
-5.340027216659817
-5.369655673340588
-5.400466201889033
-5.432376958730639
-5.465307689705255
-5.499179759794375
-5.533916165079653
-5.569441530800303
-5.605682098849857
-5.642565707492504
-5.680021765548359
-5.717981222828475
-5.756376538204718
-5.795141646376006
-5.834211924133424
-5.873524156722777
-5.913016504744691
-5.989162665348154
-6.068463774997168
-6.147345953452659
-6.225379292682065
-6.3021523743744385
-6.377271598390677
-6.450360596265822
-6.521059724916221
-6.589025635518844
-6.65393091291356
-6.715463781721024
-6.773327876691528
-6.827242076755144
-6.876940405173829
-6.922172002757709
-6.9627011885636545
-6.998307635336269
-7.028786710369923
-7.053950077982801
-7.0736267551088465
-7.087665030348711
-7.095936222636194
-7.0983429774055935
-7.094841479846114
-7.0855266332226785
-7.071406818431463
-7.056843239507227
-7.0432905556200485
-7.030638007618247
-7.021071815703307
-7.015335755697095
-7.009763998077122
-7.004344453374885
-6.99906540085695
-6.993915479549005
-6.9888836791417965
-6.983959330792358
-6.979132097842218
-6.974391966482327
-6.969729236401238
-6.9651345114600405
-6.960598690442256
-6.956112957930447
-6.951668775363093
-6.947257872325311
-6.942872238124706
-6.938504113699728
-6.934145983903105
-6.929790570195141
-6.925430823774621
-6.921059919166214
-6.916671248274583
-6.912258414906498
-6.907815229754322
-6.903335705826441
-6.898814054303609
-6.894244680794649
-6.889622181960755
-6.8849413424741375
-6.880197132275186
-6.875384704091154
-6.870499391179678
-6.865536705261164
-6.860492334606066
-6.855362142245005
-6.850142164272163
-6.844828608215948
-6.839417851452796
-6.833906439643983
-6.828291085177836
-6.82256866560253
-6.816736222037526
-6.81079095755397
-6.8047302355168275
-6.798551577883187
-6.792252663453155
-6.785831326071267
-6.7792855527773
-6.772613481906964
-6.765813401143279
-6.758883745520553
-6.751823095383018
-6.744630174301256
-6.737303846948962
-6.7298431169435275
-6.722247124653673
-6.714515144977585
-6.706646585094653
-6.698640982194427
-6.690498001185847
-6.682217432389754
-6.673799189217752
-6.66524330584029
-6.656549934846222
-6.647719344896844
-6.63875191837634
-6.6296481490408
-6.62040863966806
-6.611034099709779
-6.601525342947728
-6.5918832851557285
-6.5821089417684355
-6.57220342555861
-6.56216794432368
-6.552003798582644
-6.54171237928444
-6.531295165528398
-6.520753722297622
-6.510089698205856
-6.499304823258492
-6.488400906628203
-6.477379834445633
-6.4662435676055
-6.454994139588557
-6.443633654299552
-6.432164283921564
-6.420588266786905
-6.408907905264618
-6.397125563664974
-6.385243666160954
-6.373264694726725
-6.361191187093415
-6.349025734722084
-6.336770980793937
-6.324429618217967
-6.312004387655894
-6.297050503698243
-6.271778312366984
-6.24621814181748
-6.220393815657842
-6.1943297021775345
-6.168050655978457
-6.140625937685205
-6.087212830212547
-6.033353850700739
-5.992308481742795
-5.965242876811935
-5.93818695038581
-5.911167473113597
-5.884211153515013
-5.8573445924331535
-5.830594238613952
-5.803986345416923
-5.777546928661886
-5.751301725616314
-5.7252761551274
-5.699495278903217
-5.673983763946057
-5.648765846140528
-5.623865294997895
-5.599305379557048
-5.5751088354404645
-5.554359433138325
-5.54258087059869
-5.530906044617032
-5.519337562973735
-5.507877992832101
-5.496529859873505
-5.485295647449715
-5.47417779575229
-5.463178700998957
-5.452300714636637
-5.441546142560978
-5.430917244352057
-5.420416232525993
-5.410045271802249
-5.399806478386068
-5.389701919265823
-5.379733611524692
-5.369903521666269
-5.360213564953578
-5.350665604760755
-5.3412614519367505
-5.332002864180499
-5.322891545426421
-5.31392914523949
-5.305117258218873
-5.296457423408847
-5.287951123715831
-5.279599785329973
-5.271404777149806
-5.263367410208169
-5.255488937097232
-5.247770551390484
-5.240213387059152
-5.23281851788007
-5.2255869568318545
-5.218519655475703
-5.211617503316507
-5.204881327139822
-5.198311890319031
-5.1919098920867395
-5.185675966763157
-5.179610682933636
-5.17371454256569
-5.1679879800551225
-5.162431361188332
-5.157044982006805
-5.151829067556376
-5.146783770501876
-5.141909169583573
-5.137205267888438
-5.132671990903395
-5.12830918431236
-5.124116611491019
-5.120093950644419
-5.116240791521142
-5.112556631624068
-5.109040871820706
-5.1056928112344195
-5.102511641271474
-5.099496438604796
-5.09664615689282
-5.093959616958055
-5.091435495080524
-5.089072308974195
-5.086868400902074
-5.084821917575736
-5.082931028676796
-5.081284903157628
-5.080979608417453
-5.082950304376146
-5.0873207459869665
-5.094062289575281
-5.103109151518407
-5.114381996548208
-5.127795578225231
-5.143261846981075
-5.16069141318021
-5.1799943340657535
-5.201080605592482
-5.223860519571203
-5.248244952677707
-5.274145612097852
-5.301475244951905
-5.330147812660697
-5.36007863069655
-5.391184475323915
-5.423383660316347
-5.456596087577626
-5.490743275969629
-5.525748372563317
-5.561536150149975
-5.59803299432812
-5.635166882924128
-5.672867359976514
-5.7110655060479605
-5.74969390623576
-5.788686616929793
-5.8279791321103485
-5.86750834977583
-5.907212538933412
-5.986463400069095
-6.066146943680676
-6.1453779673626645
-6.2237278712121595
-6.300786469200564
-6.376161325481473
-6.449477175472977
-6.520375426794204
-6.588513735003297
-6.653565649505896
-6.715220325881647
-6.773182302238473
-6.827171339215488
-6.8769223262727035
-6.922185261616734
-6.962725320837245
-6.998323042687408
-7.028774684905586
-7.053892850752223
-7.073507587582862
-7.087468391562299
-7.095648160394982
-7.097952011046325
-7.094341317073067
-7.084929427057181
-7.070905581937662
-7.0567026083007605
-7.043505160596581
-7.031199747548085
-7.0224943848745305
-7.016907991578562
-7.011485135144707
-7.00621368727817
-7.001081890787057
-6.996078350527853
-6.991192024204726
-6.986412213036
-6.981728552310674
-6.977131001866484
-6.972609836529365
-6.968155636561641
-6.963759278171812
-6.959411924143201
-6.955105014640853
-6.950830258256096
-6.9465796233459205
-6.94234532972027
-6.938119840724508
-6.93389585575634
-6.929666303248106
-6.92542433413552
-6.921163315824321
-6.916876826656814
-6.912558650870172
-6.908202774031279
-6.903803378924322
-6.899354841861917
-6.8948517293858
-6.890288795319293
-6.8856609781323295
-6.880963398578321
-6.876191357563135
-6.87134033420678
-6.866405984061348
-6.861384137450411
-6.8562707978986035
-6.851062140623135
-6.845754511062287
-6.840344423419373
-6.834828559203939
-6.8292037657550235
-6.82346705473412
-6.817615600578458
-6.811646738907113
-6.805557964875036
-6.7993469314715895
-6.793011447762017
-6.786549477071281
-6.77995913511115
-6.773238688052055
-6.766386550541982
-6.759401283675207
-6.75228159291431
-6.745026325968636
-6.737634470633109
-6.730105152591023
-6.722437633184683
-6.714631307157403
-6.706685700370798
-6.6986004675005395
-6.690375389714185
-6.682010372334152
-6.6735054424887785
-6.664860746754514
-6.656076548791704
-6.647153226976362
-6.6380912720303815
-6.628891284652138
-6.619553973149472
-6.610080151076605
-6.6004707348769065
-6.590726741532672
-6.580849286223277
-6.570839579992989
-6.560698927429413
-6.550428724353426
-6.540030455521674
-6.529505692342079
-6.5188560906032995
-6.50808338821856
-6.497189402984266
-6.486176030354285
-6.475045241229682
-6.463799079764705
-6.452439661189085
-6.440969169646961
-6.429389856052711
-6.4177040359636335
-6.405914087469874
-6.394022449101621
-6.382031617753657
-6.369944146627222
-6.3577626431895435
-6.345489767150763
-6.333128228458489
-6.320680785309834
-6.30529495293701
-6.279962618939726
-6.2543348545758475
-6.228435653739458
-6.202289560621099
-6.175921610995831
-6.147544528421641
-6.093910984318579
-6.0398103997910155
-5.999738050766497
-5.9725376545973345
-5.945341435247693
-5.918176379614912
-5.891069415100918
-5.8640473637906805
-5.837136897762785
-5.810364495536881
-5.783756399662472
-5.757338575453885
-5.731136670875741
-5.705175977582888
-5.679481393118718
-5.65407738427416
-5.628987951609381
-5.60423659513852
-5.579846281176525
-5.559403857316915
-5.547522685989134
-5.535744698822385
-5.524072533776922
-5.512508788167467
-5.501056017792264
-5.489716736079591
-5.478493413251472
-5.467388475504479
-5.456404304207505
-5.4455432351161885
-5.4348075576036035
-5.42419951390738
-5.413721298392401
-5.403375056829162
-5.393162885687211
-5.383086831443229
-5.373148889903391
-5.36335100553928
-5.353695070837174
-5.344182925659493
-5.3348163566182
-5.325597096459046
-5.316526823455882
-5.3076071608140145
-5.298839676081574
-5.290225880567536
-5.2817672287651805
-5.273465117779315
-5.265320886755634
-5.257335816310249
-5.249511127957352
-5.241847983532333
-5.23434748460793
-5.227010671900158
-5.219838524660482
-5.21283196005052
-5.205991832494579
-5.199318933005024
-5.19281398847472
-5.186477660929742
-5.1803105467348995
-5.174313175743253
-5.16848601037942
-5.162829444645082
-5.157343803033053
-5.152029339334169
-5.146886235318375
-5.141914599268448
-5.137114464340903
-5.132485786723881
-5.128028443556298
-5.123742230565821
-5.119626859374747
-5.115681954412683
-5.111907049362519
-5.108301583050124
-5.10486489466932
-5.101596218208873
-5.098494675917953
-5.095559270607971
-5.092788876539587
-5.09018222858177
-5.087737909250431
-5.085454333133196
-5.083329728433933
-5.081362375860935
-5.079646257346752
-5.079291052430262
-5.081218963530854
-5.085549705951751
-5.092253594140105
-5.101264275197294
-5.112501987581684
-5.125881135794648
-5.141313387044565
-5.158709135010285
-5.177978287447873
-5.199030755024852
-5.2217768014864765
-5.246127322823163
-5.271994081782918
-5.299289906322353
-5.327928854193565
-5.357826344662857
-5.388899259112558
-5.421066013383711
-5.454246605514669
-5.488362642858961
-5.52333735249512
-5.559095578506252
-5.595563769239874
-5.632669957152409
-5.6703437333581865
-5.708516218571242
-5.7471200317605735
-5.786089257536469
-5.825359413041593
-5.864867414927247
-5.904551546843544
-5.983845723886055
-6.063497146116562
-6.142700351774274
-6.221026741269892
-6.298066103418029
-6.373425957001019
-6.446730975953383
-6.5176224935041605
-6.585758080422225
-6.650811192883318
-6.712470886317346
-6.7704415929256125
-6.824442962541555
-6.874209769500067
-6.919491892862133
-6.960054385027004
-6.99567765705744
-7.026157833384302
-7.0513073760783
-7.07095617893009
-7.084953562822904
-7.093172207022186
-7.095516909130021
-7.091948419754934
-7.082577972767115
-7.068575041621296
-7.054370658618119
-7.041177219753359
-7.028881159381067
-7.02033336540032
-7.0147509671113815
-7.009333618228429
-7.004069150615381
-6.998945768282667
-6.9939520383615195
-6.989076881926455
-6.984309564678139
-6.97963968750808
-6.975057176975603
-6.970552275736008
-6.966115532966727
-6.961737794844216
-6.957410195129031
-6.95312414591897
-6.948871328630665
-6.9446436852681
-6.940433410032749
-6.936232941324224
-6.93203495417259
-6.927832353135228
-6.92361826568126
-6.919386036076639
-6.915129219773374
-6.910841578296451
-6.9065170746138715
-6.902149868967045
-6.897734315132838
-6.8932649570834075
-6.888736526006341
-6.8841439376451765
-6.879482289919628
-6.874746860784807
-6.869933106289973
-6.865036658798873
-6.860490429057282
-6.860485408776384
